Metodo de Euler
y(0.0) = 1.0
h = 0.01
0   1.0
1   1.05000000000000
2   1.10190000000000
3   1.15577600000000
4   1.21170704000000
5   1.26977532160000
6   1.33006633446400
7   1.39266898784256
8   1.45767574735626
9   1.52518277725051
10   1.59529008834053
11   1.66810169187415
12   1.74372575954912
13   1.82227478993109
14   1.90386578152833
15   1.98862041278946
16   2.07666522930104
17   2.16813183847308
18   2.26315711201201
19   2.36188339649249
20   2.46445873235219
21   2.57103708164627
22   2.68177856491212
23   2.79684970750861
24   2.91642369580895
25   3.04068064364131
26   3.16980786938696
27   3.30400018416244
28   3.44346019152894
29   3.58839859919010
30   3.73903454315770
31   3.89559592488401
32   4.05831976187937
33   4.22745255235454
34   4.40325065444873
35   4.58598068062667
36   4.77591990785174
37   4.97335670416581
38   5.17859097233244
39   5.39193461122574
40   5.61371199567477
41   5.84426047550176
42   6.08393089452183
43   6.33308813030271
44   6.59211165551481
45   6.86139612173541
46   7.14135196660482
47   7.43240604526902
48   7.73500228707978
49   8.04960237856297
50   8.37668647370549

Metodo de Runge-Kutta
y(0.0) = 1.0
h = 0.025
0   1.0
1   0.6734375000000001
2   0.47047119140625027
3   0.3476492881774906
4   0.27679602280259163
5   0.23964117103605553
6   0.22433763434369228
7   0.223203309769738
8   0.23125683367881447
9   0.24526810308860625
10   0.26314259809651813
11   0.28352215345321097
12   0.30552608387981645
13   0.32858332001581847
14   0.3523235590727573
15   0.37650668283624117
16   0.40097698965162515
17   0.42563351672722577
18   0.4504107960028106
19   0.47526637553307255
20   0.5001727278847267
21   0.5251120032377524
22   0.5500726270994801
23   0.5750470941348192
24   0.6000305376030468
25   0.6250198017269757
26   0.6500128401823358
27   0.6750083260557335
28   0.7000053989267648
29   0.7250035008665742
30   0.7500022700931693
31   0.7750014720135396
32   0.8000009545087797
33   0.8250006189392869
34   0.8500004013434439
35   0.8750002602461396
36   0.9000001687533562
37   0.9250001094260045
38   0.950000070955925
39   0.9750000460104827
40   1.0000000298349225

Metodo de Adam-Bashforth
y(0.0) = 0.5
h = 0.2
0   0.5
1   0.8292986
2   1.2140877
3   1.6489406
4   2.12731232416667
5   2.64108099024305
6   3.18034799222251
7   3.73306009007305
8   4.28449308285957
9   4.81665742488467
10   5.30758374057335

