Metodo de Euler
y(0.0) = 16620.0
h = 0.1
0   16620.0
1   16802.8200000000
2   16987.6510200000
3   17174.5151812200
4   17363.4348482134
5   17554.4326315438
6   17747.5313904908
7   17942.7542357861
8   18140.1245323798
9   18339.6659022360
10   18541.4022271606
11   18745.3576516593
12   18951.5565858276
13   19160.0237082717
14   19370.7839690627
15   19583.8625927224
16   19799.2850812423
17   20017.0772171360
18   20237.2650665245
19   20459.8749822563
20   20684.9336070611
21   20912.4678767387
22   21142.5050233829
23   21375.0725786401
24   21610.1983770051
25   21847.9105591522
26   22088.2375753029
27   22331.2081886312
28   22576.8514787061
29   22825.1968449719
30   23076.2740102666
31   23330.1130243795
32   23586.7442676477
33   23846.1984545918
34   24108.5066375923
35   24373.7002106058
36   24641.8109129225
37   24912.8708329646
38   25186.9124121273
39   25463.9684486607
40   25744.0721015959
41   26027.2568947135
42   26313.5567205553
43   26603.0058444814
44   26895.6389087707
45   27191.4909367672
46   27490.5973370716
47   27792.9939077794
48   28098.7168407650
49   28407.8027260134
50   28720.2885559996
51   29036.2117301156
52   29355.6100591468
53   29678.5217697975
54   30004.9855092652
55   30335.0403498671
56   30668.7257937157
57   31006.0817774466
58   31347.1486769985
59   31691.9673124455
60   32040.5789528824
61   32393.0253213641
62   32749.3485998991
63   33109.5914344980
64   33473.7969402774
65   33842.0087066205
66   34214.2708023933
67   34590.6277812196
68   34971.1246868131
69   35355.8070583680
70   35744.7209360101
71   36137.9128663062
72   36535.4299078355
73   36937.3196368217
74   37343.6301528268
75   37754.4100845079
76   38169.7085954374
77   38589.5753899873
78   39014.0607192771
79   39443.2153871892
80   39877.0907564482
81   40315.7387547692
82   40759.2118810716
83   41207.5632117634
84   41660.8464070928
85   42119.1157175708
86   42582.4259904641
87   43050.8326763592
88   43524.3918357992
89   44003.1601459930
90   44487.1949075989
91   44976.5540515825
92   45471.2961461499
93   45971.4804037575
94   46477.1666881989
95   46988.4155217691
96   47505.2880925085
97   48027.8462615261
98   48556.1525704029
99   49090.2702486773
100   49630.2632214128
101   50176.1961168483
102   50728.1342741337
103   51286.1437511491
104   51850.2913324118
105   52420.6445370683
106   52997.2716269760
107   53580.2416148728
108   54169.6242726364
109   54765.4901396354
110   55367.9105311714
111   55976.9575470143
112   56592.7040800314
113   57215.2238249118
114   57844.5912869858
115   58480.8817911426
116   59124.1714908452
117   59774.5373772445
118   60432.0572883942
119   61096.8099185665
120   61768.8748276708
121   62448.3324507751
122   63135.2641077337
123   63829.7520129187
124   64531.8792850608
125   65241.7299571965
126   65959.3889867257
127   66684.9422655797
128   67418.4766305010
129   68160.0798734365
130   68909.8407520443
131   69667.8490003168
132   70434.1953393203
133   71208.9714880528
134   71992.2701744214
135   72784.1851463401
136   73584.8111829498
137   74394.2441059622
138   75212.5807911278
139   76039.9191798302
140   76876.3582908084
141   77721.9982320073
142   78576.9402125593
143   79441.2865548975
144   80315.1407070014
145   81198.6072547784
146   82091.7919345809
147   82994.8016458613
148   83907.7444639658
149   84830.7296530694
150   85763.8676792532
151   86707.2702237250
152   87661.0501961860
153   88625.3217483440
154   89600.2002875758
155   90585.8024907391
156   91582.2463181372
157   92589.6510276367
158   93608.1371889407
159   94637.8266980191
160   95678.8427916973
161   96731.3100624060
162   97795.3544730924
163   98871.1033722964
164   99958.6855093917
165   101058.231049995
166   102169.871591545
167   103293.740179052
168   104429.971321022
169   105578.701005553
170   106740.066716614
171   107914.207450497
172   109101.263732452
173   110301.377633509
174   111514.692787478
175   112741.354408140
176   113981.509306629
177   115235.305909002
178   116502.894274001
179   117784.426111015
180   119080.054798237
181   120389.935401017
182   121714.224690428
183   123053.081162023
184   124406.665054805
185   125775.138370408
186   127158.664892483
187   128557.410206300
188   129971.541718569
189   131401.228677474
190   132846.642192926
191   134307.955257048
192   135785.342764875
193   137278.981535289
194   138789.050332177
195   140315.729885831
196   141859.202914575
197   143419.654146636
198   144997.270342249
199   146592.240316013
200   148204.754959490

Metodo de Euler Inverso
y(0.0) = 16620.0
h = 0.1
0   16620.0
1   16804.8310200000
2   16991.7175457734
3   17180.6824366000
4   17371.7488059774
5   17564.9400244487
6   17760.2797224606
7   17957.7917932541
8   18157.5003957868
9   18359.4299576884
10   18563.6051782478
11   18770.0510314351
12   18978.7927689557
13   19189.8559233393
14   19403.2663110627
15   19619.0500357081
16   19837.2334911552
17   20057.8433648103
18   20280.9066408704
19   20506.4506036235
20   20734.5028407864
21   20965.0912468788
22   21198.2440266353
23   21433.9896984555
24   21672.3570978920
25   21913.3753811777
26   22157.0740287918
27   22403.4828490660
28   22652.6319818304
29   22904.5519021004
30   23159.2734238036
31   23416.8277035497
32   23677.2462444409
33   23940.5608999253
34   24206.8038776934
35   24476.0077436172
36   24748.2054257340
37   25023.4302182736
38   25301.7157857310
39   25583.0961669841
40   25867.6057794572
41   26155.2794233305
42   26446.1522857974
43   26740.2599453677
44   27037.6383762201
45   27338.3239526021
46   27642.3534532790
47   27949.7640660329
48   28260.5933922112
49   28574.8794513260
50   28892.6606857042
51   29213.9759651899
52   29538.8645918988
53   29867.3663050253
54   30199.5212857035
55   30535.3701619218
56   30874.9540134926
57   31218.3143770766
58   31565.4932512641
59   31916.5331017114
60   32271.4768663355
61   32630.3679605660
62   32993.2502826555
63   33360.1682190489
64   33731.1666498129
65   34106.2909541255
66   34485.5870158263
67   34869.1012290293
68   35256.8805037974
69   35648.9722718801
70   36045.4244925157
71   36446.2856582969
72   36851.6048011029
73   37261.4314980959
74   37675.8158777863
75   38094.8086261631
76   38518.4609928947
77   38946.8247975967
78   39379.9524361707
79   39817.8968872134
80   40260.7117184961
81   40708.4510935175
82   41161.1697781285
83   41618.9231472311
84   42081.7671915514
85   42549.7585244887
86   43022.9543890395
87   43501.4126648000
88   43985.1918750453
89   44474.3511938876
90   44968.9504535149
91   45469.0501515084
92   45974.7114582433
93   46485.9962243704
94   47002.9669883817
95   47525.6869842595
96   48054.2201492114
97   48588.6311314908
98   49128.9852983041
99   49675.3487438065
100   50227.7882971864
101   50786.3715308394
102   51351.1667686339
103   51922.2430942679
104   52499.6703597192
105   53083.5191937897
106   53673.8610107438
107   54270.7680190443
108   54874.3132301841
109   55484.5704676169
110   56101.6143757873
111   56725.5204292604
112   57356.3649419542
113   57994.2250764737
114   58639.1788535492
115   59291.3051615795
116   59950.6837662814
117   60617.3953204462
118   61291.5213738049
119   61973.1443830030
120   62662.3477216864
121   63359.2156906993
122   64063.8335283955
123   64776.2874210648
124   65496.6645134745
125   66225.0529195288
126   66961.5417330469
127   67706.2210386601
128   68459.1819228311
129   69220.5164849949
130   69990.3178488245
131   70768.6801736213
132   71555.6986658321
133   72351.4695906948
134   73156.0902840130
135   73969.6591640615
136   74792.2757436250
137   75624.0406421698
138   76465.0555981514
139   77315.4234814585
140   78175.2483059958
141   79044.6352424067
142   79923.6906309375
143   80812.5219944442
144   81711.2380515444
145   82619.9487299156
146   83538.7651797410
147   84467.7997873049
148   85407.1661887395
149   86356.9792839245
150   87317.3552505410
151   88288.4115582823
152   89270.2669832220
153   90263.0416223424
154   91266.8569082245
155   92281.8356239008
156   93308.1019178742
157   94345.7813193029
158   95395.0007533549
159   96455.8885567329
160   97528.5744933723
161   98613.1897703131
162   99709.8670537488
163   100818.740485254
164   101939.945698190
165   103073.619834300
166   104219.901560477
167   105378.931085731
168   106550.850178335
169   107735.802183169
170   108933.932039248
171   110145.386297456
172   111370.313138470
173   112608.862390883
174   113861.185549532
175   115127.435794028
176   116407.768007494
177   117702.338795505
178   119011.306505250
179   120334.831244895
180   121673.074903169
181   123026.201169167
182   124394.375552370
183   125777.765402888
184   127176.539931933
185   128590.870232516
186   130020.929300372
187   131466.892055121
188   132928.935361666
189   134407.238051823
190   135901.980946198
191   137413.346876300
192   138941.520706912
193   140486.689358693
194   142049.041831051
195   143628.769225255
196   145226.064767809
197   146841.123834091
198   148474.143972250
199   150125.324927366
200   151794.868665883

Metodo de Euler Aprimorado
y(0.0) = 16620.0
h = 0.1
0   16620.0
1   16803.82551
2   16989.684222053354
3   17177.598624391376
4   17367.591453976456
5   17559.68569925316
6   17753.90460292975
7   17950.271664790453
8   18148.810644538866
9   18349.54556467279
10   18552.500713390855
11   18757.700647531314
12   18965.170195543335
13   19174.934460491142
14   19387.018823091403
15   19601.448944784206
16   19818.250770837993
17   20037.450533488845
18   20259.0747551145
19   20483.150251443443
20   20709.704134799533
21   20938.76381738248
22   21170.35701458464
23   21404.511748344452
24   21641.256350537016
25   21880.61946640213
26   22122.630058010272
27   22367.317407766895
28   22614.7111219555
29   22864.84113431989
30   23117.737709686036
31   23373.431447624018
32   23631.953286150463
33   23893.334505471932
34   24157.606731769705
35   24424.801941026442
36   24694.952462895166
37   24968.09098461102
38   25244.25055494631
39   25523.464588209292
40   25805.76686828718
41   26091.19155273387
42   26379.773176902883
43   26671.54665812602
44   26966.547299938222
45   27264.81079634919
46   27566.37323616221
47   27871.27110734078
48   28179.541301423524
49   28491.22111798792
50   28806.348269163424
51   29124.960884194505
52   29447.097514054138
53   29772.797136108333
54   30102.099158832258
55   30435.043426578522
56   30771.670224398193
57   31112.02028291515
58   31456.134783254332
59   31804.055362024515
60   32155.824116356187
61   32511.483608995146
62   32871.07687345244
63   33234.64741921126
64   33602.239236991445
65   33973.89680407219
66   34349.66508967363
67   34729.589560397966
68   35113.71618573075
69   35502.09144360303
70   35894.762326015
71   36291.77634472189
72   36693.18153698269
73   37099.02647137248
74   37509.3602536591
75   37924.232532744696
76   38343.69350667312
77   38767.79392870367
78   39196.5851134521
79   39630.118943099435
80   40068.44787366959
81   40511.624941376314
82   40959.70376904041
83   41412.73857257788
84   41870.784167559876
85   42333.895975845175
86   42802.13003228601
87   43275.54299150811
88   43754.19213476569
89   44238.13537687227
90   44727.43127320817
91   45222.13902680549
92   45722.31849551147
93   46228.03019923108
94   46739.335327249675
95   47256.29574563672
96   47778.97400473134
97   48307.43334671067
98   48841.737713241964
99   49381.95175321928
100   49928.14083058576
101   50480.37103224246
102   51038.70917604458
103   51603.22281888622
104   52173.98026487451
105   52751.050573594155
106   53334.50356846339
107   53924.40984518238
108   54520.84078027502
109   55123.868539725256
110   55733.56608770889
111   56350.00719542199
112   56973.26645000695
113   57603.419263577256
114   58240.541882342055
115   58884.7113958317
116   59536.005746225295
117   60194.50373778142
118   60860.28504637315
119   61533.430229128564
120   62214.020734177844
121   62902.13891050822
122   63597.868017927896
123   64301.29223714019
124   65012.49667992908
125   65731.56739945743
126   66458.59140067913
127   67193.65665086634
128   67936.85209025325
129   68688.2676427975
130   69447.99422706066
131   70216.12376720906
132   70992.74920413629
133   71777.96450670864
134   72571.86468313509
135   73374.54579246292
136   74186.10495620045
137   75006.6403700685
138   75836.25131588164
139   76675.03817356096
140   77523.10243327962
141   78380.5467077429
142   79247.4747446039
143   80123.9914390166
144   81010.20284632784
145   81906.21619490965
146   82812.13989913344
147   83728.08357248781
148   84654.15804084131
149   85590.47535585205
150   86537.14880852545
151   87494.29294292215
152   88462.02357001735
153   89440.45778171353
154   90429.71396500817
155   91429.91181631814
156   92441.17235596252
157   93463.61794280565
158   94497.37228906206
159   95542.56047526523
160   96599.3089654019
161   97667.74562221373
162   98747.99972266822
163   99840.2019736008
164   100944.4845275298
165   102060.98099864654
166   103189.82647898207
167   104331.15755475285
168   105485.11232288719
169   106651.83040773448
170   107831.45297795923
171   109024.12276362194
172   110229.98407344898
173   111449.18281229337
174   112681.86649878873
175   113928.18428319859
176   115188.2869654629
177   116462.3270134444
178   117750.4585813766
179   119052.83752851591
180   120369.62143800006
181   121700.96963591505
182   123047.04321057309
183   124408.00503200362
184   125784.0197716601
185   127175.25392234455
186   128581.87581835264
187   130004.05565584153
188   131441.96551342297
189   132895.7793729842
190   134365.6731407391
191   135851.82466851224
192   137354.41377525832
193   138873.62226881957
194   140409.63396792384
195   141962.63472442605
196   143532.81244579557
197   145120.35711785228
198   146725.4608277543
199   148348.31778723968
200   149989.12435612545

Metodo de Runge-Kutta
y(0.0) = 16620.0
h = 0.1
0   16620.0
1   16803.829207008894
2   16989.691697853497
3   17177.60996212197
4   17367.606738153554
5   17559.70501578996
6   17753.928039157152
7   17950.299309477923
8   18148.842587915566
9   18349.581898449003
10   18552.541530779727
11   18757.74604327087
12   18965.220265918804
13   19174.989303357605
14   19387.078537896727
15   19601.513632592316
16   19818.32053435245
17   20037.52547707676
18   20259.154984830762
19   20483.235875055292
20   20709.79526181146
21   20938.860559061482
22   21170.459483985793
23   21404.620060336874
24   21641.370621830156
25   21880.73981557243
26   22122.756605528182
27   22367.450276024272
28   22614.850435293367
29   22864.987019056585
30   23117.89029414574
31   23373.59086216568
32   23632.119663197103
33   23893.50797954035
34   24157.78743950061
35   24424.990021214977
36   24695.14805652184
37   24968.29423487308
38   25244.46160728953
39   25523.683590360197
40   25805.993970285697
41   26091.426906966437
42   26380.016938136
43   26671.79898354025
44   26966.808349162682
45   27265.08073149646
46   27566.65222186375
47   27871.55931078283
48   28179.838892383465
49   28491.52826887114
50   28806.665155040697
51   29125.287682839844
52   29447.434405983186
53   29773.144304617257
54   30102.45679003718
55   30435.41170945547
56   30772.049350823603
57   31112.4104477069
58   31456.536184213346
59   31804.468199976913
60   32156.248595196004
61   32511.919935727634
62   32871.52525823795
63   33235.108075409706
64   33602.712381207384
65   33974.38265620048
66   34350.16387294573
67   34730.101501428835
68   35114.24151456638
69   35502.63039376864
70   35895.31513456384
71   36292.34325228473
72   36693.76278781794
73   37099.622313417036
74   37509.97093857978
75   37924.858315990474
76   38344.33464752797
77   38768.45069034016
78   39197.25776298568
79   39630.80775164349
80   40069.15311639118
81   40512.34689755268
82   40960.44272211623
83   41413.49481022332
84   41871.55798172935
85   42334.687662836935
86   42802.93989280255
87   43276.3713307173
88   43755.0392623628
89   44239.00160714277
90   44728.31692509139
91   45223.04442395914
92   45723.24396637697
93   46228.97607709978
94   46740.30195033
95   47257.28345712214
96   47779.98315286927
97   48308.46428487229
98   48842.79079999295
99   49383.0273523915
100   49929.2393113499
101   50481.49276918159
102   51039.85454922875
103   51604.392213948006
104   52175.174073085545
105   52752.26919194272
106   53335.747399733
107   53925.679298031406
108   54522.13626931739
109   55125.19048561218
110   55734.91491721171
111   56351.38334151611
112   56974.67035195685
113   57604.85136702263
114   58242.00263938514
115   58886.20126512569
116   59537.525193063964
117   60196.053234189894
118   60861.86507119989
119   61535.04126813857
120   62215.66328014708
121   62903.81346331926
122   63599.57508466687
123   64303.032332194955
124   65014.27032508873
125   65733.37512401308
126   66460.43374152604
127   67195.53415260738
128   67938.76530530369
129   68690.21713149126
130   69449.98055775784
131   70218.14751640499
132   70994.8109565719
133   71780.06485548243
134   72574.00422981638
135   73376.7251472067
136   74188.32473786376
137   75008.90120632824
138   75838.55384335398
139   76677.38303792226
140   77525.49028938907
141   78382.97821976656
142   79249.9505861405
143   80126.512293225
144   81012.76940605603
145   81908.82916282555
146   82814.79998785739
147   83730.7915047267
148   84656.91454952459
149   85593.28118426939
150   86540.00471046635
151   87497.19968281718
152   88464.98192308139
153   89443.46853409077
154   90432.7779139191
155   91433.02977020833
156   92444.34513465346
157   93466.84637764742
158   94500.65722308816
159   95545.90276334925
160   96602.70947441635
161   97671.20523119086
162   98751.51932296298
163   99843.78246905586
164   100948.1268346428
165   102064.6860467394
166   103193.59521037259
167   104334.99092492851
168   105489.0113006812
169   106655.79597550408
170   107835.48613176636
171   109028.22451341624
172   110234.15544325311
173   111453.42484039078
174   112686.1802379139
175   113932.57080072959
176   115192.74734361663
177   116466.8623494742
178   117755.0699877725
179   119057.52613320744
180   120374.38838456172
181   121705.81608377438
182   123051.97033522146
183   124413.01402520975
184   125789.11184168632
185   127180.43029416587
186   128587.13773387864
187   130009.4043741411
188   131447.402310952
189   132901.30554381607
190   134371.28999679838
191   135857.5335398112
192   137360.21601013656
193   138879.5192341867
194   140415.62704950542
195   141968.72532701245
196   143539.00199349428
197   145126.64705434337
198   146731.85261654912
199   148354.81291194298
200   149995.7243207008

Metodo de Adam-Bashforth
y(0.0) = 16620.0
h = 0.1
0   16620.0
1   16802.8200000000
2   16987.6510200000
3   17174.5151812200
4   17363.4348482134
5   17554.4326315438
6   17747.5313904908
7   17942.7542357861
8   18140.1245323798
9   18339.6659022360
10   18541.4022271606
11   18745.3576516593
12   18951.5565858276
13   19160.0237082717
14   19370.7839690627
15   19583.8625927224
16   19799.2850812423
17   20017.0772171360
18   20237.2650665245
19   20459.8749822563
20   20684.9336070611
21   20912.4678767387
22   21142.5050233829
23   21375.0725786401
24   21610.1983770051
25   21847.9105591522
26   22088.2375753029
27   22331.2081886312
28   22576.8514787061
29   22825.1968449719
30   23076.2740102666
31   23330.1130243795
32   23586.7442676477
33   23846.1984545918
34   24108.5066375923
35   24373.7002106058
36   24641.8109129225
37   24912.8708329646
38   25186.9124121273
39   25463.9684486607
40   25744.0721015959
41   26027.2568947135
42   26313.5567205553
43   26603.0058444814
44   26895.6389087707
45   27191.4909367672
46   27490.5973370716
47   27792.9939077794
48   28098.7168407650
49   28407.8027260134
50   28720.2885559996
51   29036.2117301156
52   29355.6100591468
53   29678.5217697975
54   30004.9855092652
55   30335.0403498671
56   30668.7257937157
57   31006.0817774466
58   31347.1486769985
59   31691.9673124455
60   32040.5789528824
61   32393.0253213641
62   32749.3485998991
63   33109.5914344980
64   33473.7969402774
65   33842.0087066205
66   34214.2708023933
67   34590.6277812196
68   34971.1246868131
69   35355.8070583680
70   35744.7209360101
71   36137.9128663062
72   36535.4299078355
73   36937.3196368217
74   37343.6301528268
75   37754.4100845079
76   38169.7085954374
77   38589.5753899873
78   39014.0607192771
79   39443.2153871892
80   39877.0907564482
81   40315.7387547692
82   40759.2118810716
83   41207.5632117634
84   41660.8464070928
85   42119.1157175708
86   42582.4259904641
87   43050.8326763592
88   43524.3918357992
89   44003.1601459930
90   44487.1949075989
91   44976.5540515825
92   45471.2961461499
93   45971.4804037575
94   46477.1666881989
95   46988.4155217691
96   47505.2880925085
97   48027.8462615261
98   48556.1525704029
99   49090.2702486773
100   49630.2632214128
101   50176.1961168483
102   50728.1342741337
103   51286.1437511491
104   51850.2913324118
105   52420.6445370683
106   52997.2716269760
107   53580.2416148728
108   54169.6242726364
109   54765.4901396354
110   55367.9105311714
111   55976.9575470143
112   56592.7040800314
113   57215.2238249118
114   57844.5912869858
115   58480.8817911426
116   59124.1714908452
117   59774.5373772445
118   60432.0572883942
119   61096.8099185665
120   61768.8748276708
121   62448.3324507751
122   63135.2641077337
123   63829.7520129187
124   64531.8792850608
125   65241.7299571965
126   65959.3889867257
127   66684.9422655797
128   67418.4766305010
129   68160.0798734365
130   68909.8407520443
131   69667.8490003168
132   70434.1953393203
133   71208.9714880528
134   71992.2701744214
135   72784.1851463401
136   73584.8111829498
137   74394.2441059622
138   75212.5807911278
139   76039.9191798302
140   76876.3582908084
141   77721.9982320073
142   78576.9402125593
143   79441.2865548975
144   80315.1407070014
145   81198.6072547784
146   82091.7919345809
147   82994.8016458613
148   83907.7444639658
149   84830.7296530694
150   85763.8676792532
151   86707.2702237250
152   87661.0501961860
153   88625.3217483440
154   89600.2002875758
155   90585.8024907391
156   91582.2463181372
157   92589.6510276367
158   93608.1371889407
159   94637.8266980191
160   95678.8427916973
161   96731.3100624060
162   97795.3544730924
163   98871.1033722964
164   99958.6855093917
165   101058.231049995
166   102169.871591545
167   103293.740179052
168   104429.971321022
169   105578.701005553
170   106740.066716614
171   107914.207450497
172   109101.263732452
173   110301.377633509
174   111514.692787478
175   112741.354408140
176   113981.509306629
177   115235.305909002
178   116502.894274001
179   117784.426111015
180   119080.054798237
181   120389.935401017
182   121714.224690428
183   123053.081162023
184   124406.665054805
185   125775.138370408
186   127158.664892483
187   128557.410206300
188   129971.541718569
189   131401.228677474
190   132846.642192926
191   134307.955257048
192   135785.342764875
193   137278.981535289
194   138789.050332177
195   140315.729885831
196   141859.202914575
197   143419.654146636
198   144997.270342249
199   146592.240316013
200   148204.754959490

Metodo de Adam-Moulton
y(0.0) = 16620.0
h = 0.1
[16620.0]
0   16620.0
1   16804.8310200000
2   16991.7175457734
3   17180.6824366000
4   17371.7488059774
5   17564.9400244487
6   17760.2797224606
7   17957.7917932541
8   18157.5003957868
9   18359.4299576884
10   18563.6051782478
11   18770.0510314351
12   18978.7927689557
13   19189.8559233393
14   19403.2663110627
15   19619.0500357081
16   19837.2334911552
17   20057.8433648103
18   20280.9066408704
19   20506.4506036235
20   20734.5028407864
21   20965.0912468788
22   21198.2440266353
23   21433.9896984555
24   21672.3570978920
25   21913.3753811777
26   22157.0740287918
27   22403.4828490660
28   22652.6319818304
29   22904.5519021004
30   23159.2734238036
31   23416.8277035497
32   23677.2462444409
33   23940.5608999253
34   24206.8038776934
35   24476.0077436172
36   24748.2054257340
37   25023.4302182736
38   25301.7157857310
39   25583.0961669841
40   25867.6057794572
41   26155.2794233305
42   26446.1522857974
43   26740.2599453677
44   27037.6383762201
45   27338.3239526021
46   27642.3534532790
47   27949.7640660329
48   28260.5933922112
49   28574.8794513260
50   28892.6606857042
51   29213.9759651899
52   29538.8645918988
53   29867.3663050253
54   30199.5212857035
55   30535.3701619218
56   30874.9540134926
57   31218.3143770766
58   31565.4932512641
59   31916.5331017114
60   32271.4768663355
61   32630.3679605660
62   32993.2502826555
63   33360.1682190489
64   33731.1666498129
65   34106.2909541255
66   34485.5870158263
67   34869.1012290293
68   35256.8805037974
69   35648.9722718801
70   36045.4244925157
71   36446.2856582969
72   36851.6048011029
73   37261.4314980959
74   37675.8158777863
75   38094.8086261631
76   38518.4609928947
77   38946.8247975967
78   39379.9524361707
79   39817.8968872134
80   40260.7117184961
81   40708.4510935175
82   41161.1697781285
83   41618.9231472311
84   42081.7671915514
85   42549.7585244887
86   43022.9543890395
87   43501.4126648000
88   43985.1918750453
89   44474.3511938876
90   44968.9504535149
91   45469.0501515084
92   45974.7114582433
93   46485.9962243704
94   47002.9669883817
95   47525.6869842595
96   48054.2201492114
97   48588.6311314908
98   49128.9852983041
99   49675.3487438065
100   50227.7882971864
101   50786.3715308394
102   51351.1667686339
103   51922.2430942679
104   52499.6703597192
105   53083.5191937897
106   53673.8610107438
107   54270.7680190443
108   54874.3132301841
109   55484.5704676169
110   56101.6143757873
111   56725.5204292604
112   57356.3649419542
113   57994.2250764737
114   58639.1788535492
115   59291.3051615795
116   59950.6837662814
117   60617.3953204462
118   61291.5213738049
119   61973.1443830030
120   62662.3477216864
121   63359.2156906993
122   64063.8335283955
123   64776.2874210648
124   65496.6645134745
125   66225.0529195288
126   66961.5417330469
127   67706.2210386601
128   68459.1819228311
129   69220.5164849949
130   69990.3178488245
131   70768.6801736213
132   71555.6986658321
133   72351.4695906948
134   73156.0902840130
135   73969.6591640615
136   74792.2757436250
137   75624.0406421698
138   76465.0555981514
139   77315.4234814585
140   78175.2483059958
141   79044.6352424067
142   79923.6906309375
143   80812.5219944442
144   81711.2380515444
145   82619.9487299156
146   83538.7651797410
147   84467.7997873049
148   85407.1661887395
149   86356.9792839245
150   87317.3552505410
151   88288.4115582823
152   89270.2669832220
153   90263.0416223424
154   91266.8569082245
155   92281.8356239008
156   93308.1019178742
157   94345.7813193029
158   95395.0007533549
159   96455.8885567329
160   97528.5744933723
161   98613.1897703131
162   99709.8670537488
163   100818.740485254
164   101939.945698190
165   103073.619834300
166   104219.901560477
167   105378.931085731
168   106550.850178335
169   107735.802183169
170   108933.932039248
171   110145.386297456
172   111370.313138470
173   112608.862390883
174   113861.185549532
175   115127.435794028
176   116407.768007494
177   117702.338795505
178   119011.306505250
179   120334.831244895
180   121673.074903169
181   123026.201169167
182   124394.375552370
183   125777.765402888
184   127176.539931933
185   128590.870232516
186   130020.929300372
187   131466.892055121
188   132928.935361666
189   134407.238051823
190   135901.980946198
191   137413.346876300
192   138941.520706912
193   140486.689358693
194   142049.041831051
195   143628.769225255
196   145226.064767809
197   146841.123834091
198   148474.143972250
199   150125.324927366
200   151794.868665883

Metodo de Formula Inversa
y(0.0) = 16620.0
h = 0.1
0   16620.0
1   16804.8310200000
2   16991.7175457734
3   17180.6824366000
4   17371.7488059774
5   17564.9400244487
6   17760.2797224606
7   17957.7917932541
8   18157.5003957868
9   18359.4299576884
10   18563.6051782478
11   18770.0510314351
12   18978.7927689557
13   19189.8559233393
14   19403.2663110627
15   19619.0500357081
16   19837.2334911552
17   20057.8433648103
18   20280.9066408704
19   20506.4506036235
20   20734.5028407864
21   20965.0912468788
22   21198.2440266353
23   21433.9896984555
24   21672.3570978920
25   21913.3753811777
26   22157.0740287918
27   22403.4828490660
28   22652.6319818304
29   22904.5519021004
30   23159.2734238036
31   23416.8277035497
32   23677.2462444409
33   23940.5608999253
34   24206.8038776934
35   24476.0077436172
36   24748.2054257340
37   25023.4302182736
38   25301.7157857310
39   25583.0961669841
40   25867.6057794572
41   26155.2794233305
42   26446.1522857974
43   26740.2599453677
44   27037.6383762201
45   27338.3239526021
46   27642.3534532790
47   27949.7640660329
48   28260.5933922112
49   28574.8794513260
50   28892.6606857042
51   29213.9759651899
52   29538.8645918988
53   29867.3663050253
54   30199.5212857035
55   30535.3701619218
56   30874.9540134926
57   31218.3143770766
58   31565.4932512641
59   31916.5331017114
60   32271.4768663355
61   32630.3679605660
62   32993.2502826555
63   33360.1682190489
64   33731.1666498129
65   34106.2909541255
66   34485.5870158263
67   34869.1012290293
68   35256.8805037974
69   35648.9722718801
70   36045.4244925157
71   36446.2856582969
72   36851.6048011029
73   37261.4314980959
74   37675.8158777863
75   38094.8086261631
76   38518.4609928947
77   38946.8247975967
78   39379.9524361707
79   39817.8968872134
80   40260.7117184961
81   40708.4510935175
82   41161.1697781285
83   41618.9231472311
84   42081.7671915514
85   42549.7585244887
86   43022.9543890395
87   43501.4126648000
88   43985.1918750453
89   44474.3511938876
90   44968.9504535149
91   45469.0501515084
92   45974.7114582433
93   46485.9962243704
94   47002.9669883817
95   47525.6869842595
96   48054.2201492114
97   48588.6311314908
98   49128.9852983041
99   49675.3487438065
100   50227.7882971864
101   50786.3715308394
102   51351.1667686339
103   51922.2430942679
104   52499.6703597192
105   53083.5191937897
106   53673.8610107438
107   54270.7680190443
108   54874.3132301841
109   55484.5704676169
110   56101.6143757873
111   56725.5204292604
112   57356.3649419542
113   57994.2250764737
114   58639.1788535492
115   59291.3051615795
116   59950.6837662814
117   60617.3953204462
118   61291.5213738049
119   61973.1443830030
120   62662.3477216864
121   63359.2156906993
122   64063.8335283955
123   64776.2874210648
124   65496.6645134745
125   66225.0529195288
126   66961.5417330469
127   67706.2210386601
128   68459.1819228311
129   69220.5164849949
130   69990.3178488245
131   70768.6801736213
132   71555.6986658321
133   72351.4695906948
134   73156.0902840130
135   73969.6591640615
136   74792.2757436250
137   75624.0406421698
138   76465.0555981514
139   77315.4234814585
140   78175.2483059958
141   79044.6352424067
142   79923.6906309375
143   80812.5219944442
144   81711.2380515444
145   82619.9487299156
146   83538.7651797410
147   84467.7997873049
148   85407.1661887395
149   86356.9792839245
150   87317.3552505410
151   88288.4115582823
152   89270.2669832220
153   90263.0416223424
154   91266.8569082245
155   92281.8356239008
156   93308.1019178742
157   94345.7813193029
158   95395.0007533549
159   96455.8885567329
160   97528.5744933723
161   98613.1897703131
162   99709.8670537488
163   100818.740485254
164   101939.945698190
165   103073.619834300
166   104219.901560477
167   105378.931085731
168   106550.850178335
169   107735.802183169
170   108933.932039248
171   110145.386297456
172   111370.313138470
173   112608.862390883
174   113861.185549532
175   115127.435794028
176   116407.768007494
177   117702.338795505
178   119011.306505250
179   120334.831244895
180   121673.074903169
181   123026.201169167
182   124394.375552370
183   125777.765402888
184   127176.539931933
185   128590.870232516
186   130020.929300372
187   131466.892055121
188   132928.935361666
189   134407.238051823
190   135901.980946198
191   137413.346876300
192   138941.520706912
193   140486.689358693
194   142049.041831051
195   143628.769225255
196   145226.064767809
197   146841.123834091
198   148474.143972250
199   150125.324927366
200   151794.868665883

