Metodo de Euler
y(0.0) = 50.0
h = 0.1
0   50.0
1   50.5500000000000
2   51.0994500000000
3   51.6483505500000
4   52.1967021994500
5   52.7445054972505
6   53.2917609917533
7   53.8384692307615
8   54.3846307615308
9   54.9302461307692
10   55.4753158846385
11   56.0198405687538
12   56.5638207281851
13   57.1072569074569
14   57.6501496505494
15   58.1924995008989
16   58.7343070013980
17   59.2755726943966
18   59.8162971217022
19   60.3564808245805
20   60.8961243437559
21   61.4352282194122
22   61.9737929911927
23   62.5118191982016
24   63.0493073790034
25   63.5862580716243
26   64.1226718135527
27   64.6585491417392
28   65.1938905925974
29   65.7286967020048
30   66.2629680053028
31   66.7967050372975
32   67.3299083322602
33   67.8625784239280
34   68.3947158455040
35   68.9263211296585
36   69.4573948085289
37   69.9879374137203
38   70.5179494763066
39   71.0474315268303
40   71.5763840953035
41   72.1048077112082
42   72.6327029034970
43   73.1600702005935
44   73.6869101303929
45   74.2132232202625
46   74.7390099970422
47   75.2642709870452
48   75.7890067160582
49   76.3132177093421
50   76.8369044916328
51   77.3600675871411
52   77.8827075195540
53   78.4048248120344
54   78.9264199872224
55   79.4474935672352
56   79.9680460736679
57   80.4880780275943
58   81.0075899495667
59   81.5265823596171
60   82.0450557772575
61   82.5630107214802
62   83.0804477107588
63   83.5973672630480
64   84.1137698957850
65   84.6296561258892
66   85.1450264697633
67   85.6598814432935
68   86.1742215618502
69   86.6880473402884
70   87.2013592929481
71   87.7141579336551
72   88.2264437757215
73   88.7382173319457
74   89.2494791146138
75   89.7602296354992
76   90.2704694058637
77   90.7801989364578
78   91.2894187375214
79   91.7981293187839
80   92.3063311894651
81   92.8140248582756
82   93.3212108334173
83   93.8278896225839
84   94.3340617329613
85   94.8397276712284
86   95.3448879435571
87   95.8495430556136
88   96.3536935125580
89   96.8573398190454
90   97.3604824792264
91   97.8631219967471
92   98.3652588747504
93   98.8668936158756
94   99.3680267222598
95   99.8686586955375
96   100.368790036842
97   100.868421246805
98   101.367552825558
99   101.866185272733
100   102.364319087460
101   102.861954768373
102   103.359092813604
103   103.855733720791
104   104.351877987070
105   104.847526109083
106   105.342678582974
107   105.837335904391
108   106.331498568486
109   106.825167069918
110   107.318341902848
111   107.811023560945
112   108.303212537384
113   108.794909324847
114   109.286114415522
115   109.776828301106
116   110.267051472805
117   110.756784421332
118   111.246027636911
119   111.734781609274
120   112.223046827665
121   112.710823780837
122   113.198112957056
123   113.684914844099
124   114.171229929255
125   114.657058699326
126   115.142401640627
127   115.627259238986
128   116.111631979747
129   116.595520347767
130   117.078924827419
131   117.561845902592
132   118.044284056689
133   118.526239772633
134   119.007713532860
135   119.488705819327
136   119.969217113508
137   120.449247896394
138   120.928798648498
139   121.407869849850
140   121.886461980000
141   122.364575518020
142   122.842210942502
143   123.319368731559
144   123.796049362828
145   124.272253313465
146   124.747981060151
147   125.223233079091
148   125.698009846012
149   126.172311836166
150   126.646139524330
151   127.119493384806
152   127.592373891421
153   128.064781517529
154   128.536716736012
155   129.008180019276
156   129.479171839257
157   129.949692667417
158   130.419742974750
159   130.889323231775
160   131.358433908543
161   131.827075474635
162   132.295248399160
163   132.762953150761
164   133.230190197610
165   133.696960007413
166   134.163263047405
167   134.629099784358
168   135.094470684574
169   135.559376213889
170   136.023816837675
171   136.487793020837
172   136.951305227817
173   137.414353922589
174   137.876939568666
175   138.339062629097
176   138.800723566468
177   139.261922842902
178   139.722660920059
179   140.182938259139
180   140.642755320880
181   141.102112565559
182   141.561010452993
183   142.019449442540
184   142.477429993098
185   142.934952563105
186   143.392017610542
187   143.848625592931
188   144.304776967338
189   144.760472190371
190   145.215711718180
191   145.670496006462
192   146.124825510456
193   146.578700684945
194   147.032121984260
195   147.485089862276
196   147.937604772414
197   148.389667167641
198   148.841277500474
199   149.292436222973
200   149.743143786750

Metodo de Euler Inverso
y(0.0) = 50.0
h = 0.1
0   50.0
1   50.5494500000000
2   51.0983510994500
3   51.6467038467016
4   52.1945087895588
5   52.7417664752780
6   53.2884774505692
7   53.8346422615961
8   54.3802614539768
9   54.9253355727842
10   55.4698651625470
11   56.0138507672497
12   56.5572929303332
13   57.1001921946958
14   57.6425491026933
15   58.1843641961397
16   58.7256380163077
17   59.2663711039294
18   59.8065639991966
19   60.3462172417614
20   60.8853313707369
21   61.4239069246975
22   61.9619444416798
23   62.4994444591825
24   63.0364075141678
25   63.5728341430612
26   64.1087248817522
27   64.6440802655954
28   65.1789008294100
29   65.7131871074815
30   66.2469396335611
31   66.7801589408672
32   67.3128455620852
33   67.8450000293687
34   68.3766228743394
35   68.9077146280879
36   69.4382758211744
37   69.9683069836291
38   70.4978086449524
39   71.0267813341161
40   71.5552255795634
41   72.0831419092094
42   72.6105308504421
43   73.1373929301225
44   73.6637286745853
45   74.1895386096394
46   74.7148232605684
47   75.2395831521310
48   75.7638188085621
49   76.2875307535723
50   76.8107195103495
51   77.3333856015587
52   77.8555295493427
53   78.3771518753229
54   78.8982531005995
55   79.4188337457520
56   79.9388943308400
57   80.4584353754035
58   80.9774573984634
59   81.4959609185224
60   82.0139464535648
61   82.5314145210576
62   83.0483656379511
63   83.5648003206788
64   84.0807190851584
65   84.5961224467924
66   85.1110109204680
67   85.6253850205585
68   86.1392452609229
69   86.6525921549073
70   87.1654262153445
71   87.6777479545554
72   88.1895578843488
73   88.7008565160223
74   89.2116443603628
75   89.7219219276468
76   90.2316897276411
77   90.7409482696032
78   91.2496980622819
79   91.7579396139176
80   92.2656734322433
81   92.7729000244845
82   93.2796198973600
83   93.7858335570826
84   94.2915415093591
85   94.7967442593912
86   95.3014423118761
87   95.8056361710065
88   96.3093263404717
89   96.8125133234576
90   97.3151976226474
91   97.8173797402224
92   98.3190601778619
93   98.8202394367442
94   99.3209180175469
95   99.8210964204474
96   100.320775145123
97   100.819954690753
98   101.318635556017
99   101.816818239097
100   102.314503237676
101   102.811691048942
102   103.308382169584
103   103.804577095796
104   104.300276323278
105   104.795480347231
106   105.290189662364
107   105.784404762891
108   106.278126142533
109   106.771354294517
110   107.264089711576
111   107.756332885954
112   108.248084309401
113   108.739344473176
114   109.230113868048
115   109.720392984293
116   110.210182311702
117   110.699482339573
118   111.188293556715
119   111.676616451452
120   112.164451511617
121   112.651799224557
122   113.138660077132
123   113.625034555715
124   114.110923146194
125   114.596326333971
126   115.081244603963
127   115.565678440604
128   116.049628327841
129   116.533094749142
130   117.016078187488
131   117.498579125378
132   117.980598044832
133   118.462135427385
134   118.943191754093
135   119.423767505531
136   119.903863161793
137   120.383479202494
138   120.862616106771
139   121.341274353280
140   121.819454420201
141   122.297156785236
142   122.774381925607
143   123.251130318063
144   123.727402438876
145   124.203198763839
146   124.678519768274
147   125.153365927026
148   125.627737714465
149   126.101635604488
150   126.575060070519
151   127.048011585509
152   127.520490621935
153   127.992497651803
154   128.464033146649
155   128.935097577536
156   129.405691415056
157   129.875815129332
158   130.345469190018
159   130.814654066297
160   131.283370226885
161   131.751618140028
162   132.219398273506
163   132.686711094631
164   133.153557070247
165   133.619936666734
166   134.085850350004
167   134.551298585505
168   135.016281838218
169   135.480800572661
170   135.944855252889
171   136.408446342492
172   136.871574304595
173   137.334239601865
174   137.796442696503
175   138.258184050249
176   138.719464124383
177   139.180283379723
178   139.640642276626
179   140.100541274992
180   140.559980834258
181   141.018961413405
182   141.477483470953
183   141.935547464965
184   142.393153853048
185   142.850303092349
186   143.306995639559
187   143.763231950915
188   144.219012482196
189   144.674337688727
190   145.129208025376
191   145.583623946558
192   146.037585906236
193   146.491094357915
194   146.944149754652
195   147.396752549047
196   147.848903193250
197   148.300602138960
198   148.751849837424
199   149.202646739436
200   149.652993295343

Metodo de Euler Aprimorado
y(0.0) = 50.0
h = 0.1
0   50.0
1   50.549725
2   51.0989005498625
3   51.64752719876291
4   52.19560549532775
5   52.74313598763517
6   53.29011922321553
7   53.836555749051925
8   54.38244611158075
9   54.927790856692226
10   55.472590529730965
11   56.0168456754965
12   56.56055683824384
13   57.10372456168402
14   57.64634938898462
15   58.18843186277033
16   58.72997252512349
17   59.27097191758463
18   59.811430581153004
19   60.35134905628714
20   60.89072788290538
21   61.42956760038642
22   61.96786874756983
23   62.50563186275664
24   63.04285748370981
25   63.57954614765484
26   64.11569839128026
27   64.65131475073818
28   65.18639576164482
29   65.72094195908106
30   66.25495387759295
31   66.7884320511923
32   67.32137701335714
33   67.85378929703228
34   68.38566943462989
35   68.91701795802997
36   69.44783539858092
37   69.97812228710004
38   70.50787915387409
39   71.03710652865979
40   71.5658049406844
41   72.09397491864618
42   72.621616990715
43   73.14873168453278
44   73.67531952721409
45   74.20138104534664
46   74.72691676499181
47   75.2519272116852
48   75.77641291043712
49   76.30037438573314
50   76.82381216153459
51   77.34672676127914
52   77.86911870788124
53   78.39098852373272
54   78.91233673070325
55   79.43316385014091
56   79.9534704028727
57   80.47325690920502
58   80.99252388892427
59   81.51127186129729
60   82.02950134507192
61   82.54721285847752
62   83.06440691922548
63   83.58108404450971
64   84.09724475100722
65   84.61288955487859
66   85.1280189717685
67   85.64263351680621
68   86.15673370460617
69   86.67032004926841
70   87.18339306437917
71   87.69595326301133
72   88.20800115772495
73   88.7195372605678
74   89.23056208307587
75   89.74107613627383
76   90.25107993067563
77   90.76057397628492
78   91.26955878259562
79   91.77803485859242
80   92.28600271275126
81   92.79346285303986
82   93.30041578691824
83   93.80686202133921
84   94.31280206274889
85   94.81823641708716
86   95.32316558978829
87   95.8275900857813
88   96.33151040949056
89   96.83492706483628
90   97.33784055523498
91   97.84025138360002
92   98.34216005234211
93   98.84356706336979
94   99.34447291808995
95   99.84487811740831
96   100.34478316172996
97   100.84418855095981
98   101.34309478450312
99   101.84150236126601
100   102.33941177965592
101   102.83682353758215
102   103.33373813245633
103   103.83015606119294
104   104.32607782020978
105   104.82150390542847
106   105.31643481227499
107   105.81087103568012
108   106.30481307007996
109   106.79826140941641
110   107.2912165471377
111   107.78367897619883
112   108.27564918906212
113   108.76712767769766
114   109.2581149335838
115   109.74861144770767
116   110.23861771056569
117   110.72813421216398
118   111.21716144201892
119   111.70569988915763
120   112.19375004211841
121   112.68131238895131
122   113.16838741721855
123   113.65497561399505
124   114.14107746586886
125   114.62669345894173
126   115.11182407882951
127   115.59646981066273
128   116.08063113908696
129   116.56430854826344
130   117.04750252186945
131   117.53021354309884
132   118.01244209466252
133   118.4941886587889
134   118.97545371722444
135   119.45623775123407
136   119.93654124160172
137   120.41636466863073
138   120.89570851214444
139   121.37457325148655
140   121.8529593655217
141   122.33086733263586
142   122.80829763073689
143   123.28525073725497
144   123.76172712914308
145   124.2377272828775
146   124.71325167445826
147   125.18830077940964
148   125.66287507278062
149   126.13697502914538
150   126.61060112260374
151   127.0837538267817
152   127.55643361483183
153   128.0286409594338
154   128.50037633279484
155   128.97164020665022
156   129.44243305226368
157   129.91275534042794
158   130.38260754146518
159   130.85199012522747
160   131.3209035610973
161   131.789348317988
162   132.25732486434416
163   132.72483366814225
164   133.19187519689095
165   133.65844991763166
166   134.12455829693897
167   134.59020080092117
168   135.05537789522066
169   135.5200900450144
170   135.98433771501442
171   136.44812136946825
172   136.91144147215948
173   137.37429848640807
174   137.8366928750709
175   138.29862510054227
176   138.76009562475429
177   139.22110490917734
178   139.68165341482063
179   140.1417416022325
180   140.6013699315011
181   141.06053886225456
182   141.51924885366174
183   141.9775003644325
184   142.43529385281826
185   142.89262977661238
186   143.34950859315066
187   143.8059307593118
188   144.26189673151785
189   144.7174069657347
190   145.17246191747245
191   145.62706204178593
192   146.08120779327515
193   146.53489962608577
194   146.9881379939095
195   147.4409233499846
196   147.89325614709628
197   148.34513683757726
198   148.7965658733081
199   149.24754370571773
200   149.69807078578387

Metodo de Runge-Kutta
y(0.0) = 50.0
h = 0.1
0   50.0
1   50.54972509164375
2   51.098900732966804
3   51.64752747314485
4   52.19560586080467
5   52.7431364440247
6   53.29011977033557
7   53.83655638672066
8   54.38244683961661
9   54.92779167491394
10   55.47259143795752
11   56.01684667354716
12   56.56055792593814
13   57.10372573884176
14   57.64635065542588
15   58.18843321831545
16   58.7299739695931
17   59.27097345079961
18   59.81143220293451
19   60.3513507664566
20   60.89072968128448
21   61.42956948679712
22   61.967870721834366
23   62.5056339246975
24   63.04285963314976
25   63.57954838441691
26   64.11570071518774
27   64.65131716161463
28   65.18639825931407
29   65.72094454336721
30   66.25495654832037
31   66.78843480818558
32   67.32137985644118
33   67.85379222603224
34   68.38567244937119
35   68.91702105833828
36   69.44783858428217
37   69.97812555802044
38   70.50788250984009
39   71.03710996949813
40   71.56580846622207
41   72.09397852871042
42   72.62162068513332
43   73.14873546313295
44   73.67532338982414
45   74.20138499179487
46   74.72692079510676
47   75.25193132529569
48   75.7764171073722
49   76.30037866582214
50   76.8238165246071
51   77.34673120716498
52   77.86912323641052
53   78.39099313473578
54   78.9123414240107
55   79.43316862558363
56   79.9534752602818
57   80.47326184841191
58   80.99252890976057
59   81.51127696359488
60   82.02950652866295
61   82.54721812319438
62   83.06441226490082
63   83.58108947097645
64   84.09725025809851
65   84.61289514242785
66   85.12802463960936
67   85.64263926477261
68   86.15673953253227
69   86.67032595698863
70   87.18339905172819
71   87.69595932982405
72   88.20800730383655
73   88.7195434858137
74   89.23056838729174
75   89.7410825192956
76   90.25108639233946
77   90.76058051642723
78   91.26956540105307
79   91.77804155520192
80   92.28600948734999
81   92.79346970546523
82   93.3004227170079
83   93.80686902893108
84   94.3128091476811
85   94.81824357919811
86   95.32317282891661
87   95.82759740176589
88   96.33151780217055
89   96.83493453405104
90   97.33784810082413
91   97.84025900540344
92   98.3421677501999
93   98.84357483712232
94   99.3444807675778
95   99.84488604247234
96   100.34479116221124
97   100.84419662669966
98   101.34310293534311
99   101.84151058704794
100   102.33942008022184
101   102.83683191277436
102   103.33374658211736
103   103.83016458516555
104   104.32608641833697
105   104.8215125775535
106   105.31644355824136
107   105.81087985533155
108   106.30482196326041
109   106.79827037597009
110   107.29122558690905
111   107.78368808903254
112   108.27565837480309
113   108.76713693619104
114   109.25812426467499
115   109.74862085124231
116   110.23862718638962
117   110.72814376012332
118   111.21717106196
119   111.705709580927
120   112.1937598055629
121   112.68132222391796
122   113.16839732355463
123   113.65498559154805
124   114.14108751448654
125   114.62670357847206
126   115.1118342691207
127   115.5964800715632
128   116.08064147044541
129   116.56431894992876
130   117.04751299369077
131   117.53022408492554
132   118.01245270634418
133   118.49419934017536
134   118.97546446816575
135   119.45624857158053
136   119.93655213120384
137   120.41637562733928
138   120.89571953981037
139   121.37458434796108
140   121.85297053065625
141   122.33087856628211
142   122.80830893274673
143   123.2852621074805
144   123.76173856743667
145   124.23773878909171
146   124.7132632484459
147   125.18831242102372
148   125.6628867818744
149   126.13698680557235
150   126.6106129662176
151   127.08376573743638
152   127.55644559238148
153   128.0286530037328
154   128.5003884436978
155   128.97165238401195
156   129.44244529593922
157   129.91276765027257
158   130.3826199173344
159   130.85200256697703
160   131.32091606858313
161   131.78936089106622
162   132.2573375028712
163   132.7248463719747
164   133.19188796588563
165   133.65846275164563
166   134.12457119582953
167   134.59021376454578
168   135.05539092343702
169   135.52010313768045
170   135.9843508719883
171   136.44813459060836
172   136.91145475732438
173   137.37431183545655
174   137.83670628786203
175   138.29863857693528
176   138.76010916460862
177   139.2211185123527
178   139.68166708117687
179   140.14175533162978
180   140.6013837237997
181   141.06055271731506
182   141.5192627713449
183   141.97751434459929
184   142.43530789532986
185   142.8926438813302
186   143.34952275993632
187   143.80594498802714
188   144.26191102202495
189   144.7174213178958
190   145.17247633115002
191   145.62707651684266
192   146.08122232957396
193   146.53491422348978
194   146.98815265228203
195   147.44093806918917
196   147.89327092699668
197   148.34515167803744
198   148.79658077419222
199   149.2475586668902
200   149.69808580710927

Metodo de Adam-Bashforth
y(0.0) = 50.0
h = 0.1
0   50.0
1   50.5500000000000
2   51.0994500000000
3   51.6483505500000
4   52.1967021994500
5   52.7445054972505
6   53.2917609917533
7   53.8384692307615
8   54.3846307615308
9   54.9302461307692
10   55.4753158846385
11   56.0198405687538
12   56.5638207281851
13   57.1072569074569
14   57.6501496505494
15   58.1924995008989
16   58.7343070013980
17   59.2755726943966
18   59.8162971217022
19   60.3564808245805
20   60.8961243437559
21   61.4352282194122
22   61.9737929911927
23   62.5118191982016
24   63.0493073790034
25   63.5862580716243
26   64.1226718135527
27   64.6585491417392
28   65.1938905925974
29   65.7286967020048
30   66.2629680053028
31   66.7967050372975
32   67.3299083322602
33   67.8625784239280
34   68.3947158455040
35   68.9263211296585
36   69.4573948085289
37   69.9879374137203
38   70.5179494763066
39   71.0474315268303
40   71.5763840953035
41   72.1048077112082
42   72.6327029034970
43   73.1600702005935
44   73.6869101303929
45   74.2132232202625
46   74.7390099970422
47   75.2642709870452
48   75.7890067160582
49   76.3132177093421
50   76.8369044916328
51   77.3600675871411
52   77.8827075195540
53   78.4048248120344
54   78.9264199872224
55   79.4474935672352
56   79.9680460736679
57   80.4880780275943
58   81.0075899495667
59   81.5265823596171
60   82.0450557772575
61   82.5630107214802
62   83.0804477107588
63   83.5973672630480
64   84.1137698957850
65   84.6296561258892
66   85.1450264697633
67   85.6598814432935
68   86.1742215618502
69   86.6880473402884
70   87.2013592929481
71   87.7141579336551
72   88.2264437757215
73   88.7382173319457
74   89.2494791146138
75   89.7602296354992
76   90.2704694058637
77   90.7801989364578
78   91.2894187375214
79   91.7981293187839
80   92.3063311894651
81   92.8140248582756
82   93.3212108334173
83   93.8278896225839
84   94.3340617329613
85   94.8397276712284
86   95.3448879435571
87   95.8495430556136
88   96.3536935125580
89   96.8573398190454
90   97.3604824792264
91   97.8631219967471
92   98.3652588747504
93   98.8668936158756
94   99.3680267222598
95   99.8686586955375
96   100.368790036842
97   100.868421246805
98   101.367552825558
99   101.866185272733
100   102.364319087460
101   102.861954768373
102   103.359092813604
103   103.855733720791
104   104.351877987070
105   104.847526109083
106   105.342678582974
107   105.837335904391
108   106.331498568486
109   106.825167069918
110   107.318341902848
111   107.811023560945
112   108.303212537384
113   108.794909324847
114   109.286114415522
115   109.776828301106
116   110.267051472805
117   110.756784421332
118   111.246027636911
119   111.734781609274
120   112.223046827665
121   112.710823780837
122   113.198112957056
123   113.684914844099
124   114.171229929255
125   114.657058699326
126   115.142401640627
127   115.627259238986
128   116.111631979747
129   116.595520347767
130   117.078924827419
131   117.561845902592
132   118.044284056689
133   118.526239772633
134   119.007713532860
135   119.488705819327
136   119.969217113508
137   120.449247896394
138   120.928798648498
139   121.407869849850
140   121.886461980000
141   122.364575518020
142   122.842210942502
143   123.319368731559
144   123.796049362828
145   124.272253313465
146   124.747981060151
147   125.223233079091
148   125.698009846012
149   126.172311836166
150   126.646139524330
151   127.119493384806
152   127.592373891421
153   128.064781517529
154   128.536716736012
155   129.008180019276
156   129.479171839257
157   129.949692667417
158   130.419742974750
159   130.889323231775
160   131.358433908543
161   131.827075474635
162   132.295248399160
163   132.762953150761
164   133.230190197610
165   133.696960007413
166   134.163263047405
167   134.629099784358
168   135.094470684574
169   135.559376213889
170   136.023816837675
171   136.487793020837
172   136.951305227817
173   137.414353922589
174   137.876939568666
175   138.339062629097
176   138.800723566468
177   139.261922842902
178   139.722660920059
179   140.182938259139
180   140.642755320880
181   141.102112565559
182   141.561010452993
183   142.019449442540
184   142.477429993098
185   142.934952563105
186   143.392017610542
187   143.848625592931
188   144.304776967338
189   144.760472190371
190   145.215711718180
191   145.670496006462
192   146.124825510456
193   146.578700684945
194   147.032121984260
195   147.485089862276
196   147.937604772414
197   148.389667167641
198   148.841277500474
199   149.292436222973
200   149.743143786750

Metodo de Adam-Moulton
y(0.0) = 50.0
h = 0.1
[50.0]
0   50.0
1   50.5494500000000
2   51.0983510994500
3   51.6467038467016
4   52.1945087895588
5   52.7417664752780
6   53.2884774505692
7   53.8346422615961
8   54.3802614539768
9   54.9253355727842
10   55.4698651625470
11   56.0138507672497
12   56.5572929303332
13   57.1001921946958
14   57.6425491026933
15   58.1843641961397
16   58.7256380163077
17   59.2663711039294
18   59.8065639991966
19   60.3462172417614
20   60.8853313707369
21   61.4239069246975
22   61.9619444416798
23   62.4994444591825
24   63.0364075141678
25   63.5728341430612
26   64.1087248817522
27   64.6440802655954
28   65.1789008294100
29   65.7131871074815
30   66.2469396335611
31   66.7801589408672
32   67.3128455620852
33   67.8450000293687
34   68.3766228743394
35   68.9077146280879
36   69.4382758211744
37   69.9683069836291
38   70.4978086449524
39   71.0267813341161
40   71.5552255795634
41   72.0831419092094
42   72.6105308504421
43   73.1373929301225
44   73.6637286745853
45   74.1895386096394
46   74.7148232605684
47   75.2395831521310
48   75.7638188085621
49   76.2875307535723
50   76.8107195103495
51   77.3333856015587
52   77.8555295493427
53   78.3771518753229
54   78.8982531005995
55   79.4188337457520
56   79.9388943308400
57   80.4584353754035
58   80.9774573984634
59   81.4959609185224
60   82.0139464535648
61   82.5314145210576
62   83.0483656379511
63   83.5648003206788
64   84.0807190851584
65   84.5961224467924
66   85.1110109204680
67   85.6253850205585
68   86.1392452609229
69   86.6525921549073
70   87.1654262153445
71   87.6777479545554
72   88.1895578843488
73   88.7008565160223
74   89.2116443603628
75   89.7219219276468
76   90.2316897276411
77   90.7409482696032
78   91.2496980622819
79   91.7579396139176
80   92.2656734322433
81   92.7729000244845
82   93.2796198973600
83   93.7858335570826
84   94.2915415093591
85   94.7967442593912
86   95.3014423118761
87   95.8056361710065
88   96.3093263404717
89   96.8125133234576
90   97.3151976226474
91   97.8173797402224
92   98.3190601778619
93   98.8202394367442
94   99.3209180175469
95   99.8210964204474
96   100.320775145123
97   100.819954690753
98   101.318635556017
99   101.816818239097
100   102.314503237676
101   102.811691048942
102   103.308382169584
103   103.804577095796
104   104.300276323278
105   104.795480347231
106   105.290189662364
107   105.784404762891
108   106.278126142533
109   106.771354294517
110   107.264089711576
111   107.756332885954
112   108.248084309401
113   108.739344473176
114   109.230113868048
115   109.720392984293
116   110.210182311702
117   110.699482339573
118   111.188293556715
119   111.676616451452
120   112.164451511617
121   112.651799224557
122   113.138660077132
123   113.625034555715
124   114.110923146194
125   114.596326333971
126   115.081244603963
127   115.565678440604
128   116.049628327841
129   116.533094749142
130   117.016078187488
131   117.498579125378
132   117.980598044832
133   118.462135427385
134   118.943191754093
135   119.423767505531
136   119.903863161793
137   120.383479202494
138   120.862616106771
139   121.341274353280
140   121.819454420201
141   122.297156785236
142   122.774381925607
143   123.251130318063
144   123.727402438876
145   124.203198763839
146   124.678519768274
147   125.153365927026
148   125.627737714465
149   126.101635604488
150   126.575060070519
151   127.048011585509
152   127.520490621935
153   127.992497651803
154   128.464033146649
155   128.935097577536
156   129.405691415056
157   129.875815129332
158   130.345469190018
159   130.814654066297
160   131.283370226885
161   131.751618140028
162   132.219398273506
163   132.686711094631
164   133.153557070247
165   133.619936666734
166   134.085850350004
167   134.551298585505
168   135.016281838218
169   135.480800572661
170   135.944855252889
171   136.408446342492
172   136.871574304595
173   137.334239601865
174   137.796442696503
175   138.258184050249
176   138.719464124383
177   139.180283379723
178   139.640642276626
179   140.100541274992
180   140.559980834258
181   141.018961413405
182   141.477483470953
183   141.935547464965
184   142.393153853048
185   142.850303092349
186   143.306995639559
187   143.763231950915
188   144.219012482196
189   144.674337688727
190   145.129208025376
191   145.583623946558
192   146.037585906236
193   146.491094357915
194   146.944149754652
195   147.396752549047
196   147.848903193250
197   148.300602138960
198   148.751849837424
199   149.202646739436
200   149.652993295343

Metodo de Formula Inversa
y(0.0) = 50.0
h = 0.1
0   50.0
1   50.5494500000000
2   51.0983510994500
3   51.6467038467016
4   52.1945087895588
5   52.7417664752780
6   53.2884774505692
7   53.8346422615961
8   54.3802614539768
9   54.9253355727842
10   55.4698651625470
11   56.0138507672497
12   56.5572929303332
13   57.1001921946958
14   57.6425491026933
15   58.1843641961397
16   58.7256380163077
17   59.2663711039294
18   59.8065639991966
19   60.3462172417614
20   60.8853313707369
21   61.4239069246975
22   61.9619444416798
23   62.4994444591825
24   63.0364075141678
25   63.5728341430612
26   64.1087248817522
27   64.6440802655954
28   65.1789008294100
29   65.7131871074815
30   66.2469396335611
31   66.7801589408672
32   67.3128455620852
33   67.8450000293687
34   68.3766228743394
35   68.9077146280879
36   69.4382758211744
37   69.9683069836291
38   70.4978086449524
39   71.0267813341161
40   71.5552255795634
41   72.0831419092094
42   72.6105308504421
43   73.1373929301225
44   73.6637286745853
45   74.1895386096394
46   74.7148232605684
47   75.2395831521310
48   75.7638188085621
49   76.2875307535723
50   76.8107195103495
51   77.3333856015587
52   77.8555295493427
53   78.3771518753229
54   78.8982531005995
55   79.4188337457520
56   79.9388943308400
57   80.4584353754035
58   80.9774573984634
59   81.4959609185224
60   82.0139464535648
61   82.5314145210576
62   83.0483656379511
63   83.5648003206788
64   84.0807190851584
65   84.5961224467924
66   85.1110109204680
67   85.6253850205585
68   86.1392452609229
69   86.6525921549073
70   87.1654262153445
71   87.6777479545554
72   88.1895578843488
73   88.7008565160223
74   89.2116443603628
75   89.7219219276468
76   90.2316897276411
77   90.7409482696032
78   91.2496980622819
79   91.7579396139176
80   92.2656734322433
81   92.7729000244845
82   93.2796198973600
83   93.7858335570826
84   94.2915415093591
85   94.7967442593912
86   95.3014423118761
87   95.8056361710065
88   96.3093263404717
89   96.8125133234576
90   97.3151976226474
91   97.8173797402224
92   98.3190601778619
93   98.8202394367442
94   99.3209180175469
95   99.8210964204474
96   100.320775145123
97   100.819954690753
98   101.318635556017
99   101.816818239097
100   102.314503237676
101   102.811691048942
102   103.308382169584
103   103.804577095796
104   104.300276323278
105   104.795480347231
106   105.290189662364
107   105.784404762891
108   106.278126142533
109   106.771354294517
110   107.264089711576
111   107.756332885954
112   108.248084309401
113   108.739344473176
114   109.230113868048
115   109.720392984293
116   110.210182311702
117   110.699482339573
118   111.188293556715
119   111.676616451452
120   112.164451511617
121   112.651799224557
122   113.138660077132
123   113.625034555715
124   114.110923146194
125   114.596326333971
126   115.081244603963
127   115.565678440604
128   116.049628327841
129   116.533094749142
130   117.016078187488
131   117.498579125378
132   117.980598044832
133   118.462135427385
134   118.943191754093
135   119.423767505531
136   119.903863161793
137   120.383479202494
138   120.862616106771
139   121.341274353280
140   121.819454420201
141   122.297156785236
142   122.774381925607
143   123.251130318063
144   123.727402438876
145   124.203198763839
146   124.678519768274
147   125.153365927026
148   125.627737714465
149   126.101635604488
150   126.575060070519
151   127.048011585509
152   127.520490621935
153   127.992497651803
154   128.464033146649
155   128.935097577536
156   129.405691415056
157   129.875815129332
158   130.345469190018
159   130.814654066297
160   131.283370226885
161   131.751618140028
162   132.219398273506
163   132.686711094631
164   133.153557070247
165   133.619936666734
166   134.085850350004
167   134.551298585505
168   135.016281838218
169   135.480800572661
170   135.944855252889
171   136.408446342492
172   136.871574304595
173   137.334239601865
174   137.796442696503
175   138.258184050249
176   138.719464124383
177   139.180283379723
178   139.640642276626
179   140.100541274992
180   140.559980834258
181   141.018961413405
182   141.477483470953
183   141.935547464965
184   142.393153853048
185   142.850303092349
186   143.306995639559
187   143.763231950915
188   144.219012482196
189   144.674337688727
190   145.129208025376
191   145.583623946558
192   146.037585906236
193   146.491094357915
194   146.944149754652
195   147.396752549047
196   147.848903193250
197   148.300602138960
198   148.751849837424
199   149.202646739436
200   149.652993295343

