Metodo de Euler
y(0.0) = 300.0
h = 0.1
0   300.0
1   295.625822751960
2   291.334834315213
3   287.125452591472
4   282.996125571055
5   278.945330760648
6   274.971574621963
7   271.073392021066
8   267.249345688176
9   263.498025687741
10   259.818048898593
11   256.208058503987
12   252.666723491335
13   249.192738161466
14   245.784821647206
15   242.441717441119
16   239.162192932233
17   235.945038951569
18   232.789069326321
19   229.693120442509
20   226.656050815951
21   223.676740671400
22   220.754091529670
23   217.887025802635
24   215.074486395913
25   212.315436319112
26   209.608858303495
27   206.953754426904
28   204.349145745826
29   201.794071934457
30   199.287590930621
31   196.828778588436
32   194.416728337574
33   192.050550849009
34   189.729373707120
35   187.452341088026
36   185.218613444042
37   183.027367194139
38   180.877794420285
39   178.769102569563
40   176.700514161956
41   174.671266503689
42   172.680611406020
43   170.727814909381
44   168.812157012766
45   166.932931408266
46   165.089445220649
47   163.281018751897
48   161.506985230599
49   159.766690566110
50   158.059493107388
51   156.384763406413
52   154.741883986110
53   153.130249112684
54   151.549264572281
55   149.998347451905
56   148.476925924493
57   146.984439038079
58   145.520336508977
59   144.084078518882
60   142.675135515842
61   141.292988019008
62   139.937126427106
63   138.607050830538
64   137.302270827068
65   136.022305341011
66   134.766682445855
67   133.534939190265
68   132.326621427388
69   131.141283647410
70   129.978488813295
71   128.837808199648
72   127.718821234641
73   126.621115344953
74   125.544285803647
75   124.487935580947
76   123.451675197856
77   122.435122582552
78   121.437902929513
79   120.459648561334
80   119.499998793156
81   118.558599799682
82   117.635104484723
83   116.729172353223
84   115.840469385713
85   114.968667915163
86   114.113446506167
87   113.274489836428
88   112.451488580502
89   111.644139295744
90   110.852144310433
91   110.075211614014
92   109.313054749438
93   108.565392707543
94   107.831949823443
95   107.112455674892
96   106.406644982579
97   105.714257512317
98   105.035037979095
99   104.368735952954
100   103.715105766653
101   103.073906425089
102   102.444901516443
103   101.827859125017
104   101.222551745719
105   100.628756200189
106   100.046253554508
107   99.4748290384778
108   98.9142719664344
109   98.3643756595683
110   97.8249373697207
111   97.2957582046304
112   96.7766430546013
113   96.2674005205651
114   95.7678428435120
115   95.2777858352635
116   94.7970488105616
117   94.3254545204498
118   93.8628290869212
119   93.4090019388087
120   92.9638057488954
121   92.5270763722205
122   92.0986527855586
123   91.6783770280503
124   91.2660941429610
125   90.8616521205488
126   90.4649018420173
127   90.0756970245359
128   89.6938941673043
129   89.3193524986437
130   88.9519339240940
131   88.5915029754978
132   88.2379267610531
133   87.8910749163156
134   87.5508195561333
135   87.2170352274946
136   86.8895988632737
137   86.5683897368552
138   86.2532894176221
139   85.9441817272901
140   85.6409526970721
141   85.3434905256582
142   85.0516855379936
143   84.7654301448417
144   84.4846188031152
145   84.2091479769625
146   83.9389160995936
147   83.6738235358319
148   83.4137725453791
149   83.1586672467774
150   82.9084135820584
151   82.6629192820630
152   82.4220938324223
153   82.1858484401840
154   81.9540960010748
155   81.7267510673845
156   81.5037298164611
157   81.2849500198056
158   81.0703310127538
159   80.8597936647353
160   80.6532603500975
161   80.4506549194851
162   80.2519026717637
163   80.0569303264770
164   79.8656659968283
165   79.6780391631757
166   79.4939806470314
167   79.3134225855549
168   79.1362984065327
169   78.9625428038320
170   78.7920917133228
171   78.6248822892572
172   78.4608528810977
173   78.2999430107867
174   78.1420933504484
175   77.9872457005139
176   77.8353429682630
177   77.6863291467745
178   77.5401492942755
179   77.3967495138849
180   77.2560769337410
181   77.1180796875080
182   76.9827068952522
183   76.8499086446829
184   76.7196359727493
185   76.5918408475879
186   76.4664761508131
187   76.3434956601440
188   76.2228540323630
189   76.1045067865967
190   75.9884102879166
191   75.8745217312499
192   75.7627991255979
193   75.6532012785535
194   75.5456877811133
195   75.4402189927791
196   75.3367560269418
197   75.2352607365445
198   75.1356957000169
199   75.0380242074783
200   74.9422102472026

Metodo de Euler Inverso
y(0.0) = 300.0
h = 0.1
0   300.0
1   295.709011563252
2   291.498077829828
3   287.365705261438
4   283.310428183950
5   279.330808267537
6   275.425434016533
7   271.592920268799
8   267.831907704436
9   264.141062363655
10   260.519075173654
11   256.964661484306
12   253.476560612526
13   250.053535395123
14   246.694371750010
15   243.397878245586
16   240.162885678158
17   236.988246657251
18   233.872835198647
19   230.815546325019
20   227.815295674019
21   224.871019113675
22   221.981672364962
23   219.146230631416
24   216.363688235660
25   213.633058262708
26   210.953372209925
27   208.323679643519
28   205.743047861438
29   203.210561562559
30   200.725322522047
31   198.286449272777
32   195.893076792686
33   193.544356197973
34   191.239454442013
35   188.977554019890
36   186.757852678447
37   184.579563131740
38   182.441912781801
39   180.344143444616
40   178.285511081209
41   176.265285533745
42   174.282750266558
43   172.337202112010
44   170.427951021090
45   168.554319818665
46   166.715643963302
47   164.911271311567
48   163.140561886719
49   161.402887651727
50   159.697632286515
51   158.024190969362
52   156.381970162390
53   154.770387401041
54   153.188871087491
55   151.636860287915
56   150.113804533533
57   148.619163625372
58   147.152407442662
59   145.713015754820
60   144.300478036927
61   142.914293288661
62   141.553969856595
63   140.219025259821
64   138.908986018823
65   137.623387487541
66   136.361773688573
67   135.123697151443
68   133.908718753899
69   132.716407566159
70   131.546340698069
71   130.398103149114
72   129.271287661226
73   128.165494574333
74   127.080331684610
75   126.015414105374
76   124.970364130566
77   123.944811100792
78   122.938391271852
79   121.950747685733
80   120.981530043994
81   120.030394583531
82   119.097003954645
83   118.181027101391
84   117.282139144162
85   116.400021264457
86   115.534360591802
87   114.684850092784
88   113.851188462149
89   113.033080015938
90   112.230234586607
91   111.442367420119
92   110.669199074940
93   109.910455322930
94   109.165867052078
95   108.435170171053
96   107.718105515538
97   107.014418756307
98   106.323860309019
99   105.646185245697
100   104.981153207856
101   104.328528321251
102   103.688079112221
103   103.059578425583
104   102.442803344070
105   101.837535109265
106   101.243559044011
107   100.660664476269
108   100.088644664397
109   99.5272967238214
110   98.9764215550809
111   98.4358237732062
112   97.9053116384226
113   97.3846969881430
114   96.8737951702302
115   96.3724249775042
116   95.8804085834717
117   95.3975714792544
118   94.9237424116938
119   94.4587533226110
120   94.0024392891997
121   93.5546384655315
122   93.1151920251517
123   92.6839441047468
124   92.2607417488629
125   91.8454348556551
126   91.4378761236493
127   91.0379209994971
128   90.6454276267056
129   90.2602567953234
130   89.8822718925657
131   89.5113388543602
132   89.1473261177970
133   88.7901045744662
134   88.4395475246648
135   88.0955306324596
136   87.7579318815870
137   87.4266315321764
138   87.1015120782806
139   86.7824582061989
140   86.4693567535772
141   86.1620966692716
142   85.8605689739610
143   85.5646667214936
144   85.2742849609556
145   84.9893206994467
146   84.7096728655509
147   84.4352422734882
148   84.1659315879352
149   83.9016452895022
150   83.6422896408543
151   83.3877726534645
152   83.1380040549870
153   82.8928952572396
154   82.6523593247831
155   82.4163109440865
156   82.1846663932685
157   81.9573435124026
158   81.7342616743768
159   81.5153417562963
160   81.3005061114204
161   81.0896785416225
162   80.8827842703645
163   80.6797499161743
164   80.4805034666192
165   80.2849742527647
166   80.0930929241087
167   79.9047914239854
168   79.7200029654258
169   79.5386620074701
170   79.3607042319219
171   79.1860665205350
172   79.0146869326271
173   78.8465046831106
174   78.6814601209329
175   78.5194947079198
176   78.3605509980128
177   78.2045726168941
178   78.0515042419917
179   77.9012915828577
180   77.7538813619125
181   77.6092212955478
182   77.4672600755832
183   77.3279473510679
184   77.1912337104222
185   77.0570706639119
186   76.9254106264503
187   76.7962069007206
188   76.6694136606131
189   76.5449859349715
190   76.4228795916426
191   76.3030513218236
192   76.1854586247011
193   76.0700597923769
194   75.9568138950749
195   75.8456807666244
196   75.7366209902135
197   75.6295958844091
198   75.5245674894371
199   75.4214985537188
200   75.3203525206586

Metodo de Euler Aprimorado
y(0.0) = 300.0
h = 0.1
0   300.0
1   295.6674171576062
2   291.41644855036986
3   287.2455567850956
4   283.15323342895044
5   279.1379984639286
6   275.19839975159215
7   271.33301250789475
8   267.54043878789844
9   263.81930698019676
10   260.16827131086177
11   256.5860113567351
12   253.07123156788782
13   249.6226607990751
14   246.23905185001777
15   242.91918101434328
16   239.6618476370236
17   236.46587368014974
18   233.33010329688582
19   230.25340241344892
20   227.23465831896314
21   224.27277926303972
22   221.3666940609378
23   218.51535170616265
24   215.7177209903618
25   212.9727901303811
26   210.2795664023461
27   207.63707578263634
28   205.04436259562286
29   202.50048916804113
30   200.00453548987488
31   197.55559888162793
32   195.15279366786356
33   192.79525085689386
34   190.48211782650247
35   188.21255801558783
36   185.98575062161473
37   183.8008903037653
38   181.6571868916817
39   179.55386509969537
40   177.49016424643946
41   175.46533797974288
42   173.47865400670682
43   171.5293938288657
44   169.61685248233707
45   167.74033828286645
46   165.89917257567467
47   164.0926894900176
48   162.32023569836917
49   160.5811701801409
50   158.8748639898521
51   157.20070002966725
52   155.55807282621828
53   153.94638831163067
54   152.3650636086746
55   150.81352681996324
56   149.29121682112194
57   147.79758305785361
58   146.33208534682683
59   144.89419368031466
60   143.48338803451358
61   142.09915818147317
62   140.74100350456845
63   139.4084328174484
64   138.10096418639486
65   136.81812475602771
66   135.5594505782934
67   134.3244864446748
68   133.1127857215618
69   131.92391018872306
70   130.75742988082047
71   129.61292293190922
72   128.4899754228669
73   127.3881812316967
74   126.30714188665047
75   125.24646642211859
76   124.20577123723444
77   123.18467995714244
78   122.1828232968793
79   121.19983892781963
80   120.23537134663704
81   119.28907174673391
82   118.36059789209298
83   117.44961399350522
84   116.55579058712928
85   115.67880441533853
86   114.81833830981263
87   113.97408107683135
88   113.14572738472913
89   112.33297765346967
90   111.5355379463007
91   110.75311986344967
92   109.98544043782185
93   109.23222203266332
94   108.49319224115158
95   107.76808378787776
96   107.0566344321845
97   106.35858687332475
98   105.67368865740714
99   105.00169208609418
100   104.34235412702044
101   103.6954363258981
102   103.06070472027828
103   102.43792975493687
104   101.82688619885421
105   101.22735306375867
106   100.6391135242047
107   100.06195483915634
108   99.49566827504789
109   98.94004903029393
110   98.39489616122138
111   97.86001250939677
112   97.33520463032247
113   96.82028272347613
114   96.31506056366794
115   95.81935543369099
116   95.33298805824022
117   94.85578253907632
118   94.38756629141078
119   93.92816998148945
120   93.4774274653517
121   93.03517572874331
122   92.60125482816123
123   92.1755078330088
124   91.7577807688407
125   91.34792256167704
126   90.94578498336628
127   90.55122259797758
128   90.16409270920275
129   89.78425530874914
130   89.41157302570468
131   89.04591107685668
132   88.68713721794649
133   88.33512169584243
134   87.98973720161369
135   87.65085882448811
136   87.31836400667727
137   86.99213249905266
138   86.67204631765667
139   86.35798970103286
140   86.04984906836005
141   85.74751297837489
142   85.45087208906845
143   85.15981911814185
144   84.87424880420683
145   84.59405786871726
146   84.31914497861767
147   84.04941070969547
148   83.78475751062342
149   83.52508966767957
150   83.27031327013162
151   83.02033617627353
152   82.7750679801017
153   82.53441997861907
154   82.29830513975506
155   82.06663807088972
156   81.83933498797097
157   81.61631368521343
158   81.39749350536812
159   81.18279531055224
160   80.97214145362832
161   80.76545575012264
162   80.5626634506725
163   80.36369121399267
164   80.16846708035088
165   79.97692044554317
166   79.78898203535931
167   79.60458388052932
168   79.42365929214188
169   79.2461428375258
170   79.07197031658586
171   78.90107873858436
172   78.73340629936007
173   78.56889235897633
174   78.40747741979015
175   78.24910310493452
176   78.09371213720593
177   77.9412483183497
178   77.79165650873547
179   77.64488260741558
180   77.50087353255904
181   77.35957720225413
182   77.22094251567258
183   77.0849193345886
184   76.95145846524608
185   76.82051164056722
186   76.69203150269648
187   76.56597158587326
188   76.44228629962717
189   76.32093091228998
190   76.20186153481805
191   76.08503510491956
192   75.9704093714807
193   75.85794287928529
194   75.74759495402219
195   75.63932568757512
196   75.53309592358966
197   75.42886724331198
198   75.32660195169456
199   75.22626306376337
200   75.12781429124207

Metodo de Runge-Kutta
y(0.0) = 300.0
h = 0.1
0   300.0
1   295.6671547282504
2   291.4159335788874
3   287.24479887933387
4   283.1522419243925
5   279.136782430545
6   275.19696800053146
7   271.3313735980164
8   267.5386010321511
9   263.81727845184594
10   260.16605984957005
11   256.58362457449846
12   253.06867685483098
13   249.61994532910964
14   246.2361825863655
15   242.91616471492839
16   239.65869085973642
17   236.46258278798496
18   233.32668446295824
19   230.24986162588925
20   227.2310013856968
21   224.26901181645127
22   221.36282156242348
23   218.5113794505738
24   215.7136541103415
25   212.96863360059652
26   210.27532504361892
27   207.63275426597377
28   205.03996544615117
29   202.4960207688443
30   200.00000008574028
31   197.5510005827014
32   195.14813645321578
33   192.79053857800017
34   190.4773542106381
35   188.20774666914045
36   185.98089503331627
37   183.795993847845
38   181.65225283094205
39   179.54889658851275
40   177.48516433369133
41   175.46030961166323
42   173.4736000296713
43   171.5243169921084
44   169.6117554406003
45   167.73522359898516
46   165.8940427230971
47   164.0875468552635
48   162.3150825834272
49   160.57600880480643
50   158.86969649400706
51   157.19552847550324
52   155.55289920040414
53   153.94121452742613
54   152.359891507991
55   150.8083581753727
56   149.28605333781613
57   147.79242637555333
58   146.32693704164356
59   144.88905526656524
60   143.47826096648902
61   142.09404385516277
62   140.73590325934038
63   139.40334793768747
64   138.09589590309878
65   136.8130742483627
66   135.55441897511022
67   134.31947482598588
68   133.1077951199807
69   131.91894159086698
70   130.75248422867685
71   129.608001124167
72   128.48507831621356
73   127.38330964208177
74   126.30229659051639
75   125.2416481575996
76   124.20098070532434
77   123.17991782283192
78   122.1780901902637
79   121.19513544517758
80   120.23069805148099
81   119.28442917083298
82   118.35598653646898
83   117.44503432940233
84   116.55124305695821
85   115.67428943359558
86   114.81385626397437
87   113.96963232822556
88   113.14131226938242
89   112.32859648293257
90   111.53119100845052
91   110.74880742327184
92   109.98116273817028
93   109.22797929500014
94   108.48898466626696
95   107.7639115565901
96   107.05249770602165
97   106.35448579518666
98   105.66962335221031
99   104.99766266139851
100   104.33836067363882
101   103.69147891848921
102   103.056783417923
103   102.43404460169866
104   101.82303722432394
105   101.22354028358427
106   100.63533694060597
107   100.05821444142526
108   99.49196404003499
109   98.93638092288074
110   98.39126413477966
111   97.85641650623455
112   97.33164458211748
113   96.81675855169675
114   96.3115721799821
115   95.81590274036326
116   95.32957094851747
117   94.85240089756212
118   94.38421999442896
119   93.92485889743695
120   93.47415145504114
121   93.03193464573545
122   92.59804851908753
123   92.1723361378845
124   91.75464352136852
125   91.34481958954174
126   90.94271610852046
127   90.54818763691873
128   90.161091473242
129   89.78128760427178
130   89.4086386544227
131   89.04300983605351
132   88.68426890071427
133   88.33228609131184
134   87.98693409517662
135   87.64808799801332
136   87.31562523871935
137   86.98942556505425
138   86.6693709901443
139   86.35534574980653
140   86.04723626067663
141   85.74493107912566
142   85.44832086095083
143   85.15729832182544
144   84.87175819849405
145   84.59159721069862
146   84.31671402382189
147   84.04700921223446
148   83.78238522333248
149   83.52274634225272
150   83.26799865725229
151   83.01805002574075
152   82.77281004095192
153   82.53218999924368
154   82.29610286801372
155   82.06446325421972
156   81.83718737349257
157   81.61419301983148
158   81.3953995358699
159   81.18072778370167
160   80.97010011625675
161   80.76344034921613
162   80.56067373345587
163   80.36172692801024
164   80.1665279735442
165   79.9750062663256
166   79.78709253268768
167   79.60271880397276
168   79.42181839194784
169   79.24432586468333
170   79.07017702288636
171   78.89930887667964
172   78.73165962281807
173   78.56716862233436
174   78.40577637860584
175   78.24742451583441
176   78.09205575793204
177   77.93961390780383
178   77.79004382702146
179   77.64329141587959
180   77.49930359382786
181   77.35802828027164
182   77.21941437573436
183   77.08341174337478
184   76.94997119085245
185   76.81904445253471
186   76.690584172039
187   76.56454388510394
188   76.44087800278322
189   76.31954179495594
190   76.20049137414769
191   76.08368367965639
192   75.96907646197717
193   75.85662826752069
194   75.7462984236193
195   75.63804702381563
196   75.5318349134285
197   75.42762367539046
198   75.32537561635242
199   75.22505375304979
200   75.12662179892571

Metodo de Adam-Bashforth
y(0.0) = 300.0
h = 0.1
0   300.0
1   295.625822751960
2   291.334834315213
3   287.125452591472
4   282.996125571055
5   278.945330760648
6   274.971574621963
7   271.073392021066
8   267.249345688176
9   263.498025687741
10   259.818048898593
11   256.208058503987
12   252.666723491335
13   249.192738161466
14   245.784821647206
15   242.441717441119
16   239.162192932233
17   235.945038951569
18   232.789069326321
19   229.693120442509
20   226.656050815951
21   223.676740671400
22   220.754091529670
23   217.887025802635
24   215.074486395913
25   212.315436319112
26   209.608858303495
27   206.953754426904
28   204.349145745826
29   201.794071934457
30   199.287590930621
31   196.828778588436
32   194.416728337574
33   192.050550849009
34   189.729373707120
35   187.452341088026
36   185.218613444042
37   183.027367194139
38   180.877794420285
39   178.769102569563
40   176.700514161956
41   174.671266503689
42   172.680611406020
43   170.727814909381
44   168.812157012766
45   166.932931408266
46   165.089445220649
47   163.281018751897
48   161.506985230599
49   159.766690566110
50   158.059493107388
51   156.384763406413
52   154.741883986110
53   153.130249112684
54   151.549264572281
55   149.998347451905
56   148.476925924493
57   146.984439038079
58   145.520336508977
59   144.084078518882
60   142.675135515842
61   141.292988019008
62   139.937126427106
63   138.607050830538
64   137.302270827068
65   136.022305341011
66   134.766682445855
67   133.534939190265
68   132.326621427388
69   131.141283647410
70   129.978488813295
71   128.837808199648
72   127.718821234641
73   126.621115344953
74   125.544285803647
75   124.487935580947
76   123.451675197856
77   122.435122582552
78   121.437902929513
79   120.459648561334
80   119.499998793156
81   118.558599799682
82   117.635104484723
83   116.729172353223
84   115.840469385713
85   114.968667915163
86   114.113446506167
87   113.274489836428
88   112.451488580502
89   111.644139295744
90   110.852144310433
91   110.075211614014
92   109.313054749438
93   108.565392707543
94   107.831949823443
95   107.112455674892
96   106.406644982579
97   105.714257512317
98   105.035037979095
99   104.368735952954
100   103.715105766653
101   103.073906425089
102   102.444901516443
103   101.827859125017
104   101.222551745719
105   100.628756200189
106   100.046253554508
107   99.4748290384778
108   98.9142719664344
109   98.3643756595683
110   97.8249373697207
111   97.2957582046304
112   96.7766430546013
113   96.2674005205651
114   95.7678428435120
115   95.2777858352635
116   94.7970488105616
117   94.3254545204498
118   93.8628290869212
119   93.4090019388087
120   92.9638057488954
121   92.5270763722205
122   92.0986527855586
123   91.6783770280503
124   91.2660941429610
125   90.8616521205488
126   90.4649018420173
127   90.0756970245359
128   89.6938941673043
129   89.3193524986437
130   88.9519339240940
131   88.5915029754978
132   88.2379267610531
133   87.8910749163156
134   87.5508195561333
135   87.2170352274946
136   86.8895988632737
137   86.5683897368552
138   86.2532894176221
139   85.9441817272901
140   85.6409526970721
141   85.3434905256582
142   85.0516855379936
143   84.7654301448417
144   84.4846188031152
145   84.2091479769625
146   83.9389160995936
147   83.6738235358319
148   83.4137725453791
149   83.1586672467774
150   82.9084135820584
151   82.6629192820630
152   82.4220938324223
153   82.1858484401840
154   81.9540960010748
155   81.7267510673845
156   81.5037298164611
157   81.2849500198056
158   81.0703310127538
159   80.8597936647353
160   80.6532603500975
161   80.4506549194851
162   80.2519026717637
163   80.0569303264770
164   79.8656659968283
165   79.6780391631757
166   79.4939806470314
167   79.3134225855549
168   79.1362984065327
169   78.9625428038320
170   78.7920917133228
171   78.6248822892572
172   78.4608528810977
173   78.2999430107867
174   78.1420933504484
175   77.9872457005139
176   77.8353429682630
177   77.6863291467745
178   77.5401492942755
179   77.3967495138849
180   77.2560769337410
181   77.1180796875080
182   76.9827068952522
183   76.8499086446829
184   76.7196359727493
185   76.5918408475879
186   76.4664761508131
187   76.3434956601440
188   76.2228540323630
189   76.1045067865967
190   75.9884102879166
191   75.8745217312499
192   75.7627991255979
193   75.6532012785535
194   75.5456877811133
195   75.4402189927791
196   75.3367560269418
197   75.2352607365445
198   75.1356957000169
199   75.0380242074783
200   74.9422102472026

Metodo de Adam-Moulton
y(0.0) = 300.0
h = 0.1
[300.0]
0   300.0
1   295.709011563252
2   291.498077829828
3   287.365705261438
4   283.310428183950
5   279.330808267537
6   275.425434016533
7   271.592920268799
8   267.831907704436
9   264.141062363655
10   260.519075173654
11   256.964661484306
12   253.476560612526
13   250.053535395123
14   246.694371750010
15   243.397878245586
16   240.162885678158
17   236.988246657251
18   233.872835198647
19   230.815546325019
20   227.815295674019
21   224.871019113675
22   221.981672364962
23   219.146230631416
24   216.363688235660
25   213.633058262708
26   210.953372209925
27   208.323679643519
28   205.743047861438
29   203.210561562559
30   200.725322522047
31   198.286449272777
32   195.893076792686
33   193.544356197973
34   191.239454442013
35   188.977554019890
36   186.757852678447
37   184.579563131740
38   182.441912781801
39   180.344143444616
40   178.285511081209
41   176.265285533745
42   174.282750266558
43   172.337202112010
44   170.427951021090
45   168.554319818665
46   166.715643963302
47   164.911271311567
48   163.140561886719
49   161.402887651727
50   159.697632286515
51   158.024190969362
52   156.381970162390
53   154.770387401041
54   153.188871087491
55   151.636860287915
56   150.113804533533
57   148.619163625372
58   147.152407442662
59   145.713015754820
60   144.300478036927
61   142.914293288661
62   141.553969856595
63   140.219025259821
64   138.908986018823
65   137.623387487541
66   136.361773688573
67   135.123697151443
68   133.908718753899
69   132.716407566159
70   131.546340698069
71   130.398103149114
72   129.271287661226
73   128.165494574333
74   127.080331684610
75   126.015414105374
76   124.970364130566
77   123.944811100792
78   122.938391271852
79   121.950747685733
80   120.981530043994
81   120.030394583531
82   119.097003954645
83   118.181027101391
84   117.282139144162
85   116.400021264457
86   115.534360591802
87   114.684850092784
88   113.851188462149
89   113.033080015938
90   112.230234586607
91   111.442367420119
92   110.669199074940
93   109.910455322930
94   109.165867052078
95   108.435170171053
96   107.718105515538
97   107.014418756307
98   106.323860309019
99   105.646185245697
100   104.981153207856
101   104.328528321251
102   103.688079112221
103   103.059578425583
104   102.442803344070
105   101.837535109265
106   101.243559044011
107   100.660664476269
108   100.088644664397
109   99.5272967238214
110   98.9764215550809
111   98.4358237732062
112   97.9053116384226
113   97.3846969881430
114   96.8737951702302
115   96.3724249775042
116   95.8804085834717
117   95.3975714792544
118   94.9237424116938
119   94.4587533226110
120   94.0024392891997
121   93.5546384655315
122   93.1151920251517
123   92.6839441047468
124   92.2607417488629
125   91.8454348556551
126   91.4378761236493
127   91.0379209994971
128   90.6454276267056
129   90.2602567953234
130   89.8822718925657
131   89.5113388543602
132   89.1473261177970
133   88.7901045744662
134   88.4395475246648
135   88.0955306324596
136   87.7579318815870
137   87.4266315321764
138   87.1015120782806
139   86.7824582061989
140   86.4693567535772
141   86.1620966692716
142   85.8605689739610
143   85.5646667214936
144   85.2742849609556
145   84.9893206994467
146   84.7096728655509
147   84.4352422734882
148   84.1659315879352
149   83.9016452895022
150   83.6422896408543
151   83.3877726534645
152   83.1380040549870
153   82.8928952572396
154   82.6523593247831
155   82.4163109440865
156   82.1846663932685
157   81.9573435124026
158   81.7342616743768
159   81.5153417562963
160   81.3005061114204
161   81.0896785416225
162   80.8827842703645
163   80.6797499161743
164   80.4805034666192
165   80.2849742527647
166   80.0930929241087
167   79.9047914239854
168   79.7200029654258
169   79.5386620074701
170   79.3607042319219
171   79.1860665205350
172   79.0146869326271
173   78.8465046831106
174   78.6814601209329
175   78.5194947079198
176   78.3605509980128
177   78.2045726168941
178   78.0515042419917
179   77.9012915828577
180   77.7538813619125
181   77.6092212955478
182   77.4672600755832
183   77.3279473510679
184   77.1912337104222
185   77.0570706639119
186   76.9254106264503
187   76.7962069007206
188   76.6694136606131
189   76.5449859349715
190   76.4228795916426
191   76.3030513218236
192   76.1854586247011
193   76.0700597923769
194   75.9568138950749
195   75.8456807666244
196   75.7366209902135
197   75.6295958844091
198   75.5245674894371
199   75.4214985537188
200   75.3203525206586

Metodo de Formula Inversa
y(0.0) = 300.0
h = 0.1
0   300.0
1   295.709011563252
2   291.498077829828
3   287.365705261438
4   283.310428183950
5   279.330808267537
6   275.425434016533
7   271.592920268799
8   267.831907704436
9   264.141062363655
10   260.519075173654
11   256.964661484306
12   253.476560612526
13   250.053535395123
14   246.694371750010
15   243.397878245586
16   240.162885678158
17   236.988246657251
18   233.872835198647
19   230.815546325019
20   227.815295674019
21   224.871019113675
22   221.981672364962
23   219.146230631416
24   216.363688235660
25   213.633058262708
26   210.953372209925
27   208.323679643519
28   205.743047861438
29   203.210561562559
30   200.725322522047
31   198.286449272777
32   195.893076792686
33   193.544356197973
34   191.239454442013
35   188.977554019890
36   186.757852678447
37   184.579563131740
38   182.441912781801
39   180.344143444616
40   178.285511081209
41   176.265285533745
42   174.282750266558
43   172.337202112010
44   170.427951021090
45   168.554319818665
46   166.715643963302
47   164.911271311567
48   163.140561886719
49   161.402887651727
50   159.697632286515
51   158.024190969362
52   156.381970162390
53   154.770387401041
54   153.188871087491
55   151.636860287915
56   150.113804533533
57   148.619163625372
58   147.152407442662
59   145.713015754820
60   144.300478036927
61   142.914293288661
62   141.553969856595
63   140.219025259821
64   138.908986018823
65   137.623387487541
66   136.361773688573
67   135.123697151443
68   133.908718753899
69   132.716407566159
70   131.546340698069
71   130.398103149114
72   129.271287661226
73   128.165494574333
74   127.080331684610
75   126.015414105374
76   124.970364130566
77   123.944811100792
78   122.938391271852
79   121.950747685733
80   120.981530043994
81   120.030394583531
82   119.097003954645
83   118.181027101391
84   117.282139144162
85   116.400021264457
86   115.534360591802
87   114.684850092784
88   113.851188462149
89   113.033080015938
90   112.230234586607
91   111.442367420119
92   110.669199074940
93   109.910455322930
94   109.165867052078
95   108.435170171053
96   107.718105515538
97   107.014418756307
98   106.323860309019
99   105.646185245697
100   104.981153207856
101   104.328528321251
102   103.688079112221
103   103.059578425583
104   102.442803344070
105   101.837535109265
106   101.243559044011
107   100.660664476269
108   100.088644664397
109   99.5272967238214
110   98.9764215550809
111   98.4358237732062
112   97.9053116384226
113   97.3846969881430
114   96.8737951702302
115   96.3724249775042
116   95.8804085834717
117   95.3975714792544
118   94.9237424116938
119   94.4587533226110
120   94.0024392891997
121   93.5546384655315
122   93.1151920251517
123   92.6839441047468
124   92.2607417488629
125   91.8454348556551
126   91.4378761236493
127   91.0379209994971
128   90.6454276267056
129   90.2602567953234
130   89.8822718925657
131   89.5113388543602
132   89.1473261177970
133   88.7901045744662
134   88.4395475246648
135   88.0955306324596
136   87.7579318815870
137   87.4266315321764
138   87.1015120782806
139   86.7824582061989
140   86.4693567535772
141   86.1620966692716
142   85.8605689739610
143   85.5646667214936
144   85.2742849609556
145   84.9893206994467
146   84.7096728655509
147   84.4352422734882
148   84.1659315879352
149   83.9016452895022
150   83.6422896408543
151   83.3877726534645
152   83.1380040549870
153   82.8928952572396
154   82.6523593247831
155   82.4163109440865
156   82.1846663932685
157   81.9573435124026
158   81.7342616743768
159   81.5153417562963
160   81.3005061114204
161   81.0896785416225
162   80.8827842703645
163   80.6797499161743
164   80.4805034666192
165   80.2849742527647
166   80.0930929241087
167   79.9047914239854
168   79.7200029654258
169   79.5386620074701
170   79.3607042319219
171   79.1860665205350
172   79.0146869326271
173   78.8465046831106
174   78.6814601209329
175   78.5194947079198
176   78.3605509980128
177   78.2045726168941
178   78.0515042419917
179   77.9012915828577
180   77.7538813619125
181   77.6092212955478
182   77.4672600755832
183   77.3279473510679
184   77.1912337104222
185   77.0570706639119
186   76.9254106264503
187   76.7962069007206
188   76.6694136606131
189   76.5449859349715
190   76.4228795916426
191   76.3030513218236
192   76.1854586247011
193   76.0700597923769
194   75.9568138950749
195   75.8456807666244
196   75.7366209902135
197   75.6295958844091
198   75.5245674894371
199   75.4214985537188
200   75.3203525206586

