Metodo de Euler
y(0.0) = 0.0
h = 0.1
0   0.0
1   6.00000000000000
2   6.00299639536432
3   6.00299665506968
4   6.00299665508709
5   6.00299665508709
6   6.00299665508709
7   6.00299665508709
8   6.00299665508709
9   6.00299665508709
10   6.00299665508709
11   6.00299665508709
12   6.00299665508709
13   6.00299665508709
14   6.00299665508709
15   6.00299665508709
16   6.00299665508709
17   6.00299665508709
18   6.00299665508709
19   6.00299665508709
20   6.00299665508709
21   6.00299665508709
22   6.00299665508709
23   6.00299665508709
24   6.00299665508709
25   6.00299665508709
26   6.00299665508709
27   6.00299665508709
28   6.00299665508709
29   6.00299665508709
30   6.00299665508709
31   6.00299665508709
32   6.00299665508709
33   6.00299665508709
34   6.00299665508709
35   6.00299665508709
36   6.00299665508709
37   6.00299665508709
38   6.00299665508709
39   6.00299665508709
40   6.00299665508709
41   6.00299665508709
42   6.00299665508709
43   6.00299665508709
44   6.00299665508709
45   6.00299665508709
46   6.00299665508709
47   6.00299665508709
48   6.00299665508709
49   6.00299665508709
50   6.00299665508709
51   6.00299665508709
52   6.00299665508709
53   6.00299665508709
54   6.00299665508709
55   6.00299665508709
56   6.00299665508709
57   6.00299665508709
58   6.00299665508709
59   6.00299665508709
60   6.00299665508709
61   6.00299665508709
62   6.00299665508709
63   6.00299665508709
64   6.00299665508709
65   6.00299665508709
66   6.00299665508709
67   6.00299665508709
68   6.00299665508709
69   6.00299665508709
70   6.00299665508709
71   6.00299665508709
72   6.00299665508709
73   6.00299665508709
74   6.00299665508709
75   6.00299665508709
76   6.00299665508709
77   6.00299665508709
78   6.00299665508709
79   6.00299665508709
80   6.00299665508709
81   6.00299665508709
82   6.00299665508709
83   6.00299665508709
84   6.00299665508709
85   6.00299665508709
86   6.00299665508709
87   6.00299665508709
88   6.00299665508709
89   6.00299665508709
90   6.00299665508709
91   6.00299665508709
92   6.00299665508709
93   6.00299665508709
94   6.00299665508709
95   6.00299665508709
96   6.00299665508709
97   6.00299665508709
98   6.00299665508709
99   6.00299665508709
100   6.00299665508709
101   6.00299665508709
102   6.00299665508709
103   6.00299665508709
104   6.00299665508709
105   6.00299665508709
106   6.00299665508709
107   6.00299665508709
108   6.00299665508709
109   6.00299665508709
110   6.00299665508709
111   6.00299665508709
112   6.00299665508709
113   6.00299665508709
114   6.00299665508709
115   6.00299665508709
116   6.00299665508709
117   6.00299665508709
118   6.00299665508709
119   6.00299665508709
120   6.00299665508709
121   6.00299665508709
122   6.00299665508709
123   6.00299665508709
124   6.00299665508709
125   6.00299665508709
126   6.00299665508709
127   6.00299665508709
128   6.00299665508709
129   6.00299665508709
130   6.00299665508709
131   6.00299665508709
132   6.00299665508709
133   6.00299665508709
134   6.00299665508709
135   6.00299665508709
136   6.00299665508709
137   6.00299665508709
138   6.00299665508709
139   6.00299665508709
140   6.00299665508709
141   6.00299665508709
142   6.00299665508709
143   6.00299665508709
144   6.00299665508709
145   6.00299665508709
146   6.00299665508709
147   6.00299665508709
148   6.00299665508709
149   6.00299665508709
150   6.00299665508709
151   6.00299665508709
152   6.00299665508709
153   6.00299665508709
154   6.00299665508709
155   6.00299665508709
156   6.00299665508709
157   6.00299665508709
158   6.00299665508709
159   6.00299665508709
160   6.00299665508709
161   6.00299665508709
162   6.00299665508709
163   6.00299665508709
164   6.00299665508709
165   6.00299665508709
166   6.00299665508709
167   6.00299665508709
168   6.00299665508709
169   6.00299665508709
170   6.00299665508709
171   6.00299665508709
172   6.00299665508709
173   6.00299665508709
174   6.00299665508709
175   6.00299665508709
176   6.00299665508709
177   6.00299665508709
178   6.00299665508709
179   6.00299665508709
180   6.00299665508709
181   6.00299665508709
182   6.00299665508709
183   6.00299665508709
184   6.00299665508709
185   6.00299665508709
186   6.00299665508709
187   6.00299665508709
188   6.00299665508709
189   6.00299665508709
190   6.00299665508709
191   6.00299665508709
192   6.00299665508709
193   6.00299665508709
194   6.00299665508709
195   6.00299665508709
196   6.00299665508709
197   6.00299665508709
198   6.00299665508709
199   6.00299665508709
200   6.00299665508709

Metodo de Euler Inverso
y(0.0) = 0.0
h = 0.1
0   0.0
1   0.00299639536432400
2   0.00299665506968043
3   0.00299665508708561
4   0.00299665508708665
5   0.00299665508708665
6   0.00299665508708665
7   0.00299665508708665
8   0.00299665508708665
9   0.00299665508708665
10   0.00299665508708665
11   0.00299665508708665
12   0.00299665508708665
13   0.00299665508708665
14   0.00299665508708665
15   0.00299665508708665
16   0.00299665508708665
17   0.00299665508708665
18   0.00299665508708665
19   0.00299665508708665
20   0.00299665508708665
21   0.00299665508708665
22   0.00299665508708665
23   0.00299665508708665
24   0.00299665508708665
25   0.00299665508708665
26   0.00299665508708665
27   0.00299665508708665
28   0.00299665508708665
29   0.00299665508708665
30   0.00299665508708665
31   0.00299665508708665
32   0.00299665508708665
33   0.00299665508708665
34   0.00299665508708665
35   0.00299665508708665
36   0.00299665508708665
37   0.00299665508708665
38   0.00299665508708665
39   0.00299665508708665
40   0.00299665508708665
41   0.00299665508708665
42   0.00299665508708665
43   0.00299665508708665
44   0.00299665508708665
45   0.00299665508708665
46   0.00299665508708665
47   0.00299665508708665
48   0.00299665508708665
49   0.00299665508708665
50   0.00299665508708665
51   0.00299665508708665
52   0.00299665508708665
53   0.00299665508708665
54   0.00299665508708665
55   0.00299665508708665
56   0.00299665508708665
57   0.00299665508708665
58   0.00299665508708665
59   0.00299665508708665
60   0.00299665508708665
61   0.00299665508708665
62   0.00299665508708665
63   0.00299665508708665
64   0.00299665508708665
65   0.00299665508708665
66   0.00299665508708665
67   0.00299665508708665
68   0.00299665508708665
69   0.00299665508708665
70   0.00299665508708665
71   0.00299665508708665
72   0.00299665508708665
73   0.00299665508708665
74   0.00299665508708665
75   0.00299665508708665
76   0.00299665508708665
77   0.00299665508708665
78   0.00299665508708665
79   0.00299665508708665
80   0.00299665508708665
81   0.00299665508708665
82   0.00299665508708665
83   0.00299665508708665
84   0.00299665508708665
85   0.00299665508708665
86   0.00299665508708665
87   0.00299665508708665
88   0.00299665508708665
89   0.00299665508708665
90   0.00299665508708665
91   0.00299665508708665
92   0.00299665508708665
93   0.00299665508708665
94   0.00299665508708665
95   0.00299665508708665
96   0.00299665508708665
97   0.00299665508708665
98   0.00299665508708665
99   0.00299665508708665
100   0.00299665508708665
101   0.00299665508708665
102   0.00299665508708665
103   0.00299665508708665
104   0.00299665508708665
105   0.00299665508708665
106   0.00299665508708665
107   0.00299665508708665
108   0.00299665508708665
109   0.00299665508708665
110   0.00299665508708665
111   0.00299665508708665
112   0.00299665508708665
113   0.00299665508708665
114   0.00299665508708665
115   0.00299665508708665
116   0.00299665508708665
117   0.00299665508708665
118   0.00299665508708665
119   0.00299665508708665
120   0.00299665508708665
121   0.00299665508708665
122   0.00299665508708665
123   0.00299665508708665
124   0.00299665508708665
125   0.00299665508708665
126   0.00299665508708665
127   0.00299665508708665
128   0.00299665508708665
129   0.00299665508708665
130   0.00299665508708665
131   0.00299665508708665
132   0.00299665508708665
133   0.00299665508708665
134   0.00299665508708665
135   0.00299665508708665
136   0.00299665508708665
137   0.00299665508708665
138   0.00299665508708665
139   0.00299665508708665
140   0.00299665508708665
141   0.00299665508708665
142   0.00299665508708665
143   0.00299665508708665
144   0.00299665508708665
145   0.00299665508708665
146   0.00299665508708665
147   0.00299665508708665
148   0.00299665508708665
149   0.00299665508708665
150   0.00299665508708665
151   0.00299665508708665
152   0.00299665508708665
153   0.00299665508708665
154   0.00299665508708665
155   0.00299665508708665
156   0.00299665508708665
157   0.00299665508708665
158   0.00299665508708665
159   0.00299665508708665
160   0.00299665508708665
161   0.00299665508708665
162   0.00299665508708665
163   0.00299665508708665
164   0.00299665508708665
165   0.00299665508708665
166   0.00299665508708665
167   0.00299665508708665
168   0.00299665508708665
169   0.00299665508708665
170   0.00299665508708665
171   0.00299665508708665
172   0.00299665508708665
173   0.00299665508708665
174   0.00299665508708665
175   0.00299665508708665
176   0.00299665508708665
177   0.00299665508708665
178   0.00299665508708665
179   0.00299665508708665
180   0.00299665508708665
181   0.00299665508708665
182   0.00299665508708665
183   0.00299665508708665
184   0.00299665508708665
185   0.00299665508708665
186   0.00299665508708665
187   0.00299665508708665
188   0.00299665508708665
189   0.00299665508708665
190   0.00299665508708665
191   0.00299665508708665
192   0.00299665508708665
193   0.00299665508708665
194   0.00299665508708665
195   0.00299665508708665
196   0.00299665508708665
197   0.00299665508708665
198   0.00299665508708665
199   0.00299665508708665
200   0.00299665508708665

Metodo de Euler Aprimorado
y(0.0) = 0.0
h = 0.1
0   0.0
1   3.001498197682162
2   3.0029965252170023
3   3.002996655078383
4   3.0029966550870864
5   3.002996655087087
6   3.002996655087087
7   3.002996655087087
8   3.002996655087087
9   3.002996655087087
10   3.002996655087087
11   3.002996655087087
12   3.002996655087087
13   3.002996655087087
14   3.002996655087087
15   3.002996655087087
16   3.002996655087087
17   3.002996655087087
18   3.002996655087087
19   3.002996655087087
20   3.002996655087087
21   3.002996655087087
22   3.002996655087087
23   3.002996655087087
24   3.002996655087087
25   3.002996655087087
26   3.002996655087087
27   3.002996655087087
28   3.002996655087087
29   3.002996655087087
30   3.002996655087087
31   3.002996655087087
32   3.002996655087087
33   3.002996655087087
34   3.002996655087087
35   3.002996655087087
36   3.002996655087087
37   3.002996655087087
38   3.002996655087087
39   3.002996655087087
40   3.002996655087087
41   3.002996655087087
42   3.002996655087087
43   3.002996655087087
44   3.002996655087087
45   3.002996655087087
46   3.002996655087087
47   3.002996655087087
48   3.002996655087087
49   3.002996655087087
50   3.002996655087087
51   3.002996655087087
52   3.002996655087087
53   3.002996655087087
54   3.002996655087087
55   3.002996655087087
56   3.002996655087087
57   3.002996655087087
58   3.002996655087087
59   3.002996655087087
60   3.002996655087087
61   3.002996655087087
62   3.002996655087087
63   3.002996655087087
64   3.002996655087087
65   3.002996655087087
66   3.002996655087087
67   3.002996655087087
68   3.002996655087087
69   3.002996655087087
70   3.002996655087087
71   3.002996655087087
72   3.002996655087087
73   3.002996655087087
74   3.002996655087087
75   3.002996655087087
76   3.002996655087087
77   3.002996655087087
78   3.002996655087087
79   3.002996655087087
80   3.002996655087087
81   3.002996655087087
82   3.002996655087087
83   3.002996655087087
84   3.002996655087087
85   3.002996655087087
86   3.002996655087087
87   3.002996655087087
88   3.002996655087087
89   3.002996655087087
90   3.002996655087087
91   3.002996655087087
92   3.002996655087087
93   3.002996655087087
94   3.002996655087087
95   3.002996655087087
96   3.002996655087087
97   3.002996655087087
98   3.002996655087087
99   3.002996655087087
100   3.002996655087087
101   3.002996655087087
102   3.002996655087087
103   3.002996655087087
104   3.002996655087087
105   3.002996655087087
106   3.002996655087087
107   3.002996655087087
108   3.002996655087087
109   3.002996655087087
110   3.002996655087087
111   3.002996655087087
112   3.002996655087087
113   3.002996655087087
114   3.002996655087087
115   3.002996655087087
116   3.002996655087087
117   3.002996655087087
118   3.002996655087087
119   3.002996655087087
120   3.002996655087087
121   3.002996655087087
122   3.002996655087087
123   3.002996655087087
124   3.002996655087087
125   3.002996655087087
126   3.002996655087087
127   3.002996655087087
128   3.002996655087087
129   3.002996655087087
130   3.002996655087087
131   3.002996655087087
132   3.002996655087087
133   3.002996655087087
134   3.002996655087087
135   3.002996655087087
136   3.002996655087087
137   3.002996655087087
138   3.002996655087087
139   3.002996655087087
140   3.002996655087087
141   3.002996655087087
142   3.002996655087087
143   3.002996655087087
144   3.002996655087087
145   3.002996655087087
146   3.002996655087087
147   3.002996655087087
148   3.002996655087087
149   3.002996655087087
150   3.002996655087087
151   3.002996655087087
152   3.002996655087087
153   3.002996655087087
154   3.002996655087087
155   3.002996655087087
156   3.002996655087087
157   3.002996655087087
158   3.002996655087087
159   3.002996655087087
160   3.002996655087087
161   3.002996655087087
162   3.002996655087087
163   3.002996655087087
164   3.002996655087087
165   3.002996655087087
166   3.002996655087087
167   3.002996655087087
168   3.002996655087087
169   3.002996655087087
170   3.002996655087087
171   3.002996655087087
172   3.002996655087087
173   3.002996655087087
174   3.002996655087087
175   3.002996655087087
176   3.002996655087087
177   3.002996655087087
178   3.002996655087087
179   3.002996655087087
180   3.002996655087087
181   3.002996655087087
182   3.002996655087087
183   3.002996655087087
184   3.002996655087087
185   3.002996655087087
186   3.002996655087087
187   3.002996655087087
188   3.002996655087087
189   3.002996655087087
190   3.002996655087087
191   3.002996655087087
192   3.002996655087087
193   3.002996655087087
194   3.002996655087087
195   3.002996655087087
196   3.002996655087087
197   3.002996655087087
198   3.002996655087087
199   3.002996655087087
200   3.002996655087087

Metodo de Runge-Kutta
y(0.0) = 0.0
h = 0.1
0   0.0
1   1.1622101272054388
2   1.1627291474655643
3   1.1627291921970375
4   1.1627291922000293
5   1.1627291922000296
6   1.1627291922000296
7   1.1627291922000296
8   1.1627291922000296
9   1.1627291922000296
10   1.1627291922000296
11   1.1627291922000296
12   1.1627291922000296
13   1.1627291922000296
14   1.1627291922000296
15   1.1627291922000296
16   1.1627291922000296
17   1.1627291922000296
18   1.1627291922000296
19   1.1627291922000296
20   1.1627291922000296
21   1.1627291922000296
22   1.1627291922000296
23   1.1627291922000296
24   1.1627291922000296
25   1.1627291922000296
26   1.1627291922000296
27   1.1627291922000296
28   1.1627291922000296
29   1.1627291922000296
30   1.1627291922000296
31   1.1627291922000296
32   1.1627291922000296
33   1.1627291922000296
34   1.1627291922000296
35   1.1627291922000296
36   1.1627291922000296
37   1.1627291922000296
38   1.1627291922000296
39   1.1627291922000296
40   1.1627291922000296
41   1.1627291922000296
42   1.1627291922000296
43   1.1627291922000296
44   1.1627291922000296
45   1.1627291922000296
46   1.1627291922000296
47   1.1627291922000296
48   1.1627291922000296
49   1.1627291922000296
50   1.1627291922000296
51   1.1627291922000296
52   1.1627291922000296
53   1.1627291922000296
54   1.1627291922000296
55   1.1627291922000296
56   1.1627291922000296
57   1.1627291922000296
58   1.1627291922000296
59   1.1627291922000296
60   1.1627291922000296
61   1.1627291922000296
62   1.1627291922000296
63   1.1627291922000296
64   1.1627291922000296
65   1.1627291922000296
66   1.1627291922000296
67   1.1627291922000296
68   1.1627291922000296
69   1.1627291922000296
70   1.1627291922000296
71   1.1627291922000296
72   1.1627291922000296
73   1.1627291922000296
74   1.1627291922000296
75   1.1627291922000296
76   1.1627291922000296
77   1.1627291922000296
78   1.1627291922000296
79   1.1627291922000296
80   1.1627291922000296
81   1.1627291922000296
82   1.1627291922000296
83   1.1627291922000296
84   1.1627291922000296
85   1.1627291922000296
86   1.1627291922000296
87   1.1627291922000296
88   1.1627291922000296
89   1.1627291922000296
90   1.1627291922000296
91   1.1627291922000296
92   1.1627291922000296
93   1.1627291922000296
94   1.1627291922000296
95   1.1627291922000296
96   1.1627291922000296
97   1.1627291922000296
98   1.1627291922000296
99   1.1627291922000296
100   1.1627291922000296
101   1.1627291922000296
102   1.1627291922000296
103   1.1627291922000296
104   1.1627291922000296
105   1.1627291922000296
106   1.1627291922000296
107   1.1627291922000296
108   1.1627291922000296
109   1.1627291922000296
110   1.1627291922000296
111   1.1627291922000296
112   1.1627291922000296
113   1.1627291922000296
114   1.1627291922000296
115   1.1627291922000296
116   1.1627291922000296
117   1.1627291922000296
118   1.1627291922000296
119   1.1627291922000296
120   1.1627291922000296
121   1.1627291922000296
122   1.1627291922000296
123   1.1627291922000296
124   1.1627291922000296
125   1.1627291922000296
126   1.1627291922000296
127   1.1627291922000296
128   1.1627291922000296
129   1.1627291922000296
130   1.1627291922000296
131   1.1627291922000296
132   1.1627291922000296
133   1.1627291922000296
134   1.1627291922000296
135   1.1627291922000296
136   1.1627291922000296
137   1.1627291922000296
138   1.1627291922000296
139   1.1627291922000296
140   1.1627291922000296
141   1.1627291922000296
142   1.1627291922000296
143   1.1627291922000296
144   1.1627291922000296
145   1.1627291922000296
146   1.1627291922000296
147   1.1627291922000296
148   1.1627291922000296
149   1.1627291922000296
150   1.1627291922000296
151   1.1627291922000296
152   1.1627291922000296
153   1.1627291922000296
154   1.1627291922000296
155   1.1627291922000296
156   1.1627291922000296
157   1.1627291922000296
158   1.1627291922000296
159   1.1627291922000296
160   1.1627291922000296
161   1.1627291922000296
162   1.1627291922000296
163   1.1627291922000296
164   1.1627291922000296
165   1.1627291922000296
166   1.1627291922000296
167   1.1627291922000296
168   1.1627291922000296
169   1.1627291922000296
170   1.1627291922000296
171   1.1627291922000296
172   1.1627291922000296
173   1.1627291922000296
174   1.1627291922000296
175   1.1627291922000296
176   1.1627291922000296
177   1.1627291922000296
178   1.1627291922000296
179   1.1627291922000296
180   1.1627291922000296
181   1.1627291922000296
182   1.1627291922000296
183   1.1627291922000296
184   1.1627291922000296
185   1.1627291922000296
186   1.1627291922000296
187   1.1627291922000296
188   1.1627291922000296
189   1.1627291922000296
190   1.1627291922000296
191   1.1627291922000296
192   1.1627291922000296
193   1.1627291922000296
194   1.1627291922000296
195   1.1627291922000296
196   1.1627291922000296
197   1.1627291922000296
198   1.1627291922000296
199   1.1627291922000296
200   1.1627291922000296

Metodo de Adam-Bashforth
y(0.0) = 0.0
h = 0.1
0   0.0
1   6.00000000000000
2   6.00299639536432
3   6.00299665506968
4   6.00299665508709
5   6.00299665508709
6   6.00299665508709
7   6.00299665508709
8   6.00299665508709
9   6.00299665508709
10   6.00299665508709
11   6.00299665508709
12   6.00299665508709
13   6.00299665508709
14   6.00299665508709
15   6.00299665508709
16   6.00299665508709
17   6.00299665508709
18   6.00299665508709
19   6.00299665508709
20   6.00299665508709
21   6.00299665508709
22   6.00299665508709
23   6.00299665508709
24   6.00299665508709
25   6.00299665508709
26   6.00299665508709
27   6.00299665508709
28   6.00299665508709
29   6.00299665508709
30   6.00299665508709
31   6.00299665508709
32   6.00299665508709
33   6.00299665508709
34   6.00299665508709
35   6.00299665508709
36   6.00299665508709
37   6.00299665508709
38   6.00299665508709
39   6.00299665508709
40   6.00299665508709
41   6.00299665508709
42   6.00299665508709
43   6.00299665508709
44   6.00299665508709
45   6.00299665508709
46   6.00299665508709
47   6.00299665508709
48   6.00299665508709
49   6.00299665508709
50   6.00299665508709
51   6.00299665508709
52   6.00299665508709
53   6.00299665508709
54   6.00299665508709
55   6.00299665508709
56   6.00299665508709
57   6.00299665508709
58   6.00299665508709
59   6.00299665508709
60   6.00299665508709
61   6.00299665508709
62   6.00299665508709
63   6.00299665508709
64   6.00299665508709
65   6.00299665508709
66   6.00299665508709
67   6.00299665508709
68   6.00299665508709
69   6.00299665508709
70   6.00299665508709
71   6.00299665508709
72   6.00299665508709
73   6.00299665508709
74   6.00299665508709
75   6.00299665508709
76   6.00299665508709
77   6.00299665508709
78   6.00299665508709
79   6.00299665508709
80   6.00299665508709
81   6.00299665508709
82   6.00299665508709
83   6.00299665508709
84   6.00299665508709
85   6.00299665508709
86   6.00299665508709
87   6.00299665508709
88   6.00299665508709
89   6.00299665508709
90   6.00299665508709
91   6.00299665508709
92   6.00299665508709
93   6.00299665508709
94   6.00299665508709
95   6.00299665508709
96   6.00299665508709
97   6.00299665508709
98   6.00299665508709
99   6.00299665508709
100   6.00299665508709
101   6.00299665508709
102   6.00299665508709
103   6.00299665508709
104   6.00299665508709
105   6.00299665508709
106   6.00299665508709
107   6.00299665508709
108   6.00299665508709
109   6.00299665508709
110   6.00299665508709
111   6.00299665508709
112   6.00299665508709
113   6.00299665508709
114   6.00299665508709
115   6.00299665508709
116   6.00299665508709
117   6.00299665508709
118   6.00299665508709
119   6.00299665508709
120   6.00299665508709
121   6.00299665508709
122   6.00299665508709
123   6.00299665508709
124   6.00299665508709
125   6.00299665508709
126   6.00299665508709
127   6.00299665508709
128   6.00299665508709
129   6.00299665508709
130   6.00299665508709
131   6.00299665508709
132   6.00299665508709
133   6.00299665508709
134   6.00299665508709
135   6.00299665508709
136   6.00299665508709
137   6.00299665508709
138   6.00299665508709
139   6.00299665508709
140   6.00299665508709
141   6.00299665508709
142   6.00299665508709
143   6.00299665508709
144   6.00299665508709
145   6.00299665508709
146   6.00299665508709
147   6.00299665508709
148   6.00299665508709
149   6.00299665508709
150   6.00299665508709
151   6.00299665508709
152   6.00299665508709
153   6.00299665508709
154   6.00299665508709
155   6.00299665508709
156   6.00299665508709
157   6.00299665508709
158   6.00299665508709
159   6.00299665508709
160   6.00299665508709
161   6.00299665508709
162   6.00299665508709
163   6.00299665508709
164   6.00299665508709
165   6.00299665508709
166   6.00299665508709
167   6.00299665508709
168   6.00299665508709
169   6.00299665508709
170   6.00299665508709
171   6.00299665508709
172   6.00299665508709
173   6.00299665508709
174   6.00299665508709
175   6.00299665508709
176   6.00299665508709
177   6.00299665508709
178   6.00299665508709
179   6.00299665508709
180   6.00299665508709
181   6.00299665508709
182   6.00299665508709
183   6.00299665508709
184   6.00299665508709
185   6.00299665508709
186   6.00299665508709
187   6.00299665508709
188   6.00299665508709
189   6.00299665508709
190   6.00299665508709
191   6.00299665508709
192   6.00299665508709
193   6.00299665508709
194   6.00299665508709
195   6.00299665508709
196   6.00299665508709
197   6.00299665508709
198   6.00299665508709
199   6.00299665508709
200   6.00299665508709

Metodo de Adam-Moulton
y(0.0) = 0.0
h = 0.1
[0.0]
0   0.0
1   0.00299639536432400
2   0.00299665506968043
3   0.00299665508708561
4   0.00299665508708665
5   0.00299665508708665
6   0.00299665508708665
7   0.00299665508708665
8   0.00299665508708665
9   0.00299665508708665
10   0.00299665508708665
11   0.00299665508708665
12   0.00299665508708665
13   0.00299665508708665
14   0.00299665508708665
15   0.00299665508708665
16   0.00299665508708665
17   0.00299665508708665
18   0.00299665508708665
19   0.00299665508708665
20   0.00299665508708665
21   0.00299665508708665
22   0.00299665508708665
23   0.00299665508708665
24   0.00299665508708665
25   0.00299665508708665
26   0.00299665508708665
27   0.00299665508708665
28   0.00299665508708665
29   0.00299665508708665
30   0.00299665508708665
31   0.00299665508708665
32   0.00299665508708665
33   0.00299665508708665
34   0.00299665508708665
35   0.00299665508708665
36   0.00299665508708665
37   0.00299665508708665
38   0.00299665508708665
39   0.00299665508708665
40   0.00299665508708665
41   0.00299665508708665
42   0.00299665508708665
43   0.00299665508708665
44   0.00299665508708665
45   0.00299665508708665
46   0.00299665508708665
47   0.00299665508708665
48   0.00299665508708665
49   0.00299665508708665
50   0.00299665508708665
51   0.00299665508708665
52   0.00299665508708665
53   0.00299665508708665
54   0.00299665508708665
55   0.00299665508708665
56   0.00299665508708665
57   0.00299665508708665
58   0.00299665508708665
59   0.00299665508708665
60   0.00299665508708665
61   0.00299665508708665
62   0.00299665508708665
63   0.00299665508708665
64   0.00299665508708665
65   0.00299665508708665
66   0.00299665508708665
67   0.00299665508708665
68   0.00299665508708665
69   0.00299665508708665
70   0.00299665508708665
71   0.00299665508708665
72   0.00299665508708665
73   0.00299665508708665
74   0.00299665508708665
75   0.00299665508708665
76   0.00299665508708665
77   0.00299665508708665
78   0.00299665508708665
79   0.00299665508708665
80   0.00299665508708665
81   0.00299665508708665
82   0.00299665508708665
83   0.00299665508708665
84   0.00299665508708665
85   0.00299665508708665
86   0.00299665508708665
87   0.00299665508708665
88   0.00299665508708665
89   0.00299665508708665
90   0.00299665508708665
91   0.00299665508708665
92   0.00299665508708665
93   0.00299665508708665
94   0.00299665508708665
95   0.00299665508708665
96   0.00299665508708665
97   0.00299665508708665
98   0.00299665508708665
99   0.00299665508708665
100   0.00299665508708665
101   0.00299665508708665
102   0.00299665508708665
103   0.00299665508708665
104   0.00299665508708665
105   0.00299665508708665
106   0.00299665508708665
107   0.00299665508708665
108   0.00299665508708665
109   0.00299665508708665
110   0.00299665508708665
111   0.00299665508708665
112   0.00299665508708665
113   0.00299665508708665
114   0.00299665508708665
115   0.00299665508708665
116   0.00299665508708665
117   0.00299665508708665
118   0.00299665508708665
119   0.00299665508708665
120   0.00299665508708665
121   0.00299665508708665
122   0.00299665508708665
123   0.00299665508708665
124   0.00299665508708665
125   0.00299665508708665
126   0.00299665508708665
127   0.00299665508708665
128   0.00299665508708665
129   0.00299665508708665
130   0.00299665508708665
131   0.00299665508708665
132   0.00299665508708665
133   0.00299665508708665
134   0.00299665508708665
135   0.00299665508708665
136   0.00299665508708665
137   0.00299665508708665
138   0.00299665508708665
139   0.00299665508708665
140   0.00299665508708665
141   0.00299665508708665
142   0.00299665508708665
143   0.00299665508708665
144   0.00299665508708665
145   0.00299665508708665
146   0.00299665508708665
147   0.00299665508708665
148   0.00299665508708665
149   0.00299665508708665
150   0.00299665508708665
151   0.00299665508708665
152   0.00299665508708665
153   0.00299665508708665
154   0.00299665508708665
155   0.00299665508708665
156   0.00299665508708665
157   0.00299665508708665
158   0.00299665508708665
159   0.00299665508708665
160   0.00299665508708665
161   0.00299665508708665
162   0.00299665508708665
163   0.00299665508708665
164   0.00299665508708665
165   0.00299665508708665
166   0.00299665508708665
167   0.00299665508708665
168   0.00299665508708665
169   0.00299665508708665
170   0.00299665508708665
171   0.00299665508708665
172   0.00299665508708665
173   0.00299665508708665
174   0.00299665508708665
175   0.00299665508708665
176   0.00299665508708665
177   0.00299665508708665
178   0.00299665508708665
179   0.00299665508708665
180   0.00299665508708665
181   0.00299665508708665
182   0.00299665508708665
183   0.00299665508708665
184   0.00299665508708665
185   0.00299665508708665
186   0.00299665508708665
187   0.00299665508708665
188   0.00299665508708665
189   0.00299665508708665
190   0.00299665508708665
191   0.00299665508708665
192   0.00299665508708665
193   0.00299665508708665
194   0.00299665508708665
195   0.00299665508708665
196   0.00299665508708665
197   0.00299665508708665
198   0.00299665508708665
199   0.00299665508708665
200   0.00299665508708665

Metodo de Formula Inversa
y(0.0) = 0.0
h = 0.1
0   0.0
1   0.00299639536432400
2   0.00299665506968043
3   0.00299665508708561
4   0.00299665508708665
5   0.00299665508708665
6   0.00299665508708665
7   0.00299665508708665
8   0.00299665508708665
9   0.00299665508708665
10   0.00299665508708665
11   0.00299665508708665
12   0.00299665508708665
13   0.00299665508708665
14   0.00299665508708665
15   0.00299665508708665
16   0.00299665508708665
17   0.00299665508708665
18   0.00299665508708665
19   0.00299665508708665
20   0.00299665508708665
21   0.00299665508708665
22   0.00299665508708665
23   0.00299665508708665
24   0.00299665508708665
25   0.00299665508708665
26   0.00299665508708665
27   0.00299665508708665
28   0.00299665508708665
29   0.00299665508708665
30   0.00299665508708665
31   0.00299665508708665
32   0.00299665508708665
33   0.00299665508708665
34   0.00299665508708665
35   0.00299665508708665
36   0.00299665508708665
37   0.00299665508708665
38   0.00299665508708665
39   0.00299665508708665
40   0.00299665508708665
41   0.00299665508708665
42   0.00299665508708665
43   0.00299665508708665
44   0.00299665508708665
45   0.00299665508708665
46   0.00299665508708665
47   0.00299665508708665
48   0.00299665508708665
49   0.00299665508708665
50   0.00299665508708665
51   0.00299665508708665
52   0.00299665508708665
53   0.00299665508708665
54   0.00299665508708665
55   0.00299665508708665
56   0.00299665508708665
57   0.00299665508708665
58   0.00299665508708665
59   0.00299665508708665
60   0.00299665508708665
61   0.00299665508708665
62   0.00299665508708665
63   0.00299665508708665
64   0.00299665508708665
65   0.00299665508708665
66   0.00299665508708665
67   0.00299665508708665
68   0.00299665508708665
69   0.00299665508708665
70   0.00299665508708665
71   0.00299665508708665
72   0.00299665508708665
73   0.00299665508708665
74   0.00299665508708665
75   0.00299665508708665
76   0.00299665508708665
77   0.00299665508708665
78   0.00299665508708665
79   0.00299665508708665
80   0.00299665508708665
81   0.00299665508708665
82   0.00299665508708665
83   0.00299665508708665
84   0.00299665508708665
85   0.00299665508708665
86   0.00299665508708665
87   0.00299665508708665
88   0.00299665508708665
89   0.00299665508708665
90   0.00299665508708665
91   0.00299665508708665
92   0.00299665508708665
93   0.00299665508708665
94   0.00299665508708665
95   0.00299665508708665
96   0.00299665508708665
97   0.00299665508708665
98   0.00299665508708665
99   0.00299665508708665
100   0.00299665508708665
101   0.00299665508708665
102   0.00299665508708665
103   0.00299665508708665
104   0.00299665508708665
105   0.00299665508708665
106   0.00299665508708665
107   0.00299665508708665
108   0.00299665508708665
109   0.00299665508708665
110   0.00299665508708665
111   0.00299665508708665
112   0.00299665508708665
113   0.00299665508708665
114   0.00299665508708665
115   0.00299665508708665
116   0.00299665508708665
117   0.00299665508708665
118   0.00299665508708665
119   0.00299665508708665
120   0.00299665508708665
121   0.00299665508708665
122   0.00299665508708665
123   0.00299665508708665
124   0.00299665508708665
125   0.00299665508708665
126   0.00299665508708665
127   0.00299665508708665
128   0.00299665508708665
129   0.00299665508708665
130   0.00299665508708665
131   0.00299665508708665
132   0.00299665508708665
133   0.00299665508708665
134   0.00299665508708665
135   0.00299665508708665
136   0.00299665508708665
137   0.00299665508708665
138   0.00299665508708665
139   0.00299665508708665
140   0.00299665508708665
141   0.00299665508708665
142   0.00299665508708665
143   0.00299665508708665
144   0.00299665508708665
145   0.00299665508708665
146   0.00299665508708665
147   0.00299665508708665
148   0.00299665508708665
149   0.00299665508708665
150   0.00299665508708665
151   0.00299665508708665
152   0.00299665508708665
153   0.00299665508708665
154   0.00299665508708665
155   0.00299665508708665
156   0.00299665508708665
157   0.00299665508708665
158   0.00299665508708665
159   0.00299665508708665
160   0.00299665508708665
161   0.00299665508708665
162   0.00299665508708665
163   0.00299665508708665
164   0.00299665508708665
165   0.00299665508708665
166   0.00299665508708665
167   0.00299665508708665
168   0.00299665508708665
169   0.00299665508708665
170   0.00299665508708665
171   0.00299665508708665
172   0.00299665508708665
173   0.00299665508708665
174   0.00299665508708665
175   0.00299665508708665
176   0.00299665508708665
177   0.00299665508708665
178   0.00299665508708665
179   0.00299665508708665
180   0.00299665508708665
181   0.00299665508708665
182   0.00299665508708665
183   0.00299665508708665
184   0.00299665508708665
185   0.00299665508708665
186   0.00299665508708665
187   0.00299665508708665
188   0.00299665508708665
189   0.00299665508708665
190   0.00299665508708665
191   0.00299665508708665
192   0.00299665508708665
193   0.00299665508708665
194   0.00299665508708665
195   0.00299665508708665
196   0.00299665508708665
197   0.00299665508708665
198   0.00299665508708665
199   0.00299665508708665
200   0.00299665508708665

Metodo de Euler
y(0.0) = 0.0
h = 0.1
0   0.0
1   0
2   23.9934624101142
3   -431.875786336315
4   8229.63994038994
5   -156339.158867409
6   2970468.01848077
7   -56438868.3511346
8   1072338522.67156
9   -20374431906.7596
10   387114206252.432
11   -7355169918772.21
12   139748228456696.
13   -2.65521634067720e+15
14   5.04491104728669e+16
15   -9.58533098984471e+17
16   1.82121288807049e+19
17   -3.46030448733394e+20
18   6.57457852593449e+21
19   -1.24916991992755e+23
20   2.37342284786235e+24
21   -4.50950341093847e+25
22   8.56805648078308e+26
23   -1.62793073134879e+28
24   3.09306838956269e+29
25   -5.87682994016912e+30
26   1.11659768863213e+32
27   -2.12153560840105e+33
28   4.03091765596200e+34
29   -7.65874354632780e+35
30   1.45516127380228e+37
31   -2.76480642022434e+38
32   5.25313219842624e+39
33   -9.98095117700985e+40
34   1.89638072363187e+42
35   -3.60312337490056e+43
36   6.84593441231106e+44
37   -1.30072753833910e+46
38   2.47138232284429e+47
39   -4.69562641340416e+48
40   8.92169018546790e+49
41   -1.69512113523890e+51
42   3.22073015695391e+52
43   -6.11938729821243e+53
44   1.16268358666036e+55
45   -2.20909881465469e+56
46   4.19728774784391e+57
47   -7.97484672090342e+58
48   1.51522087697165e+60
49   -2.87891966624614e+61
50   5.46994736586766e+62
51   -1.03928999951486e+64
52   1.97465099907822e+65
53   -3.75183689824863e+66
54   7.12849010667239e+67
55   -1.35441312026775e+69
56   2.57338492850873e+70
57   -4.88943136416659e+71
58   9.28991959191653e+72
59   -1.76508472246414e+74
60   3.35366097268187e+75
61   -6.37195584809555e+76
62   1.21067161113815e+78
63   -2.30027606116249e+79
64   4.37052451620874e+80
65   -8.30399658079660e+81
66   1.57775935035135e+83
67   -2.99774276566757e+84
68   5.69571125476839e+85
69   -1.08218513840599e+87
70   2.05615176297139e+88
71   -3.90668834964564e+89
72   7.42270786432671e+90
73   -1.41031449422208e+92
74   2.67959753902194e+93
75   -5.09123532414169e+94
76   9.67334711586922e+95
77   -1.83793595201515e+97
78   3.49207830882879e+98
79   -6.63494878677470e+99
80   1.26064026948719e+101
81   -2.39521651202567e+102
82   4.55091137284877e+103
83   -8.64673160841266e+104
84   1.64287900559840e+106
85   -3.12147011063697e+107
86   5.93079321021024e+108
87   -1.12685070993995e+110
88   2.14101634888590e+111
89   -4.06793106288321e+112
90   7.72906901947809e+113
91   -1.46852311370084e+115
92   2.79019391603159e+116
93   -5.30136844046002e+117
94   1.00726000368740e+119
95   -1.91379400700607e+120
96   3.63620861331153e+121
97   -6.90879636529191e+122
98   1.31267130940546e+124
99   -2.49407548787038e+125
100   4.73874342695372e+126
101   -9.00361251121208e+127
102   1.71068637713029e+129
103   -3.25030411654756e+130
104   6.17557782144036e+131
105   -1.17335978607367e+133
106   2.22938359353997e+134
107   -4.23582882772595e+135
108   8.04807477267930e+136
109   -1.52913420680907e+138
110   2.90535499293723e+139
111   -5.52017448658073e+140
112   1.04883315245034e+142
113   -1.99278298965564e+143
114   3.78628768034572e+144
115   -7.19394659265687e+145
116   1.36684985260481e+147
117   -2.59701471994913e+148
118   4.93432796790335e+149
119   -9.37522313901637e+150
120   1.78129239641311e+152
121   -3.38445555318491e+153
122   6.43046555105133e+154
123   -1.22178845469975e+156
124   2.32139806392953e+157
125   -4.41065632146611e+158
126   8.38024701078560e+159
127   -1.59224693204926e+161
128   3.02526917089360e+162
129   -5.74801142469785e+163
130   1.09212217069259e+165
131   -2.07503212431592e+166
132   3.94256103620025e+167
133   -7.49086596878048e+168
134   1.42326453406829e+170
135   -2.70420261472975e+171
136   5.13798496798653e+172
137   -9.76217143917442e+173
138   1.85481257344314e+175
139   -3.52414388954196e+176
140   6.69587339012973e+177
141   -1.27221594412465e+179
142   2.41721029383683e+180
143   -4.59269955828998e+181
144   8.72612916075097e+182
145   -1.65796454054268e+184
146   3.15013262703110e+185
147   -5.98525199135909e+186
148   1.13719787835823e+188
149   -2.16067596888063e+189
150   4.10528434087320e+190
151   -7.80004024765909e+191
152   1.48200764705523e+193
153   -2.81581452940493e+194
154   5.35004760586937e+195
155   -1.01650904511518e+197
156   1.93136718571884e+198
157   -3.66959765286580e+199
158   6.97223554044502e+200
159   -1.32472475268455e+202
160   2.51697703010065e+203
161   -4.78225635719124e+204
162   9.08628707866336e+205
163   -1.72639454494604e+207
164   3.28014963539747e+208
165   -6.23228430725520e+209
166   1.18413401837849e+211
167   -2.24985463491913e+212
168   4.27472380634634e+213
169   -8.12197523205805e+214
170   1.54317529409103e+216
171   -2.93203305877296e+217
172   5.57086281166862e+218
173   -1.05846393421704e+220
174   2.01108147501237e+221
175   -3.82105480252351e+222
176   7.26000412479466e+223
177   -1.37940078371099e+225
178   2.62086148905087e+226
179   -4.97963682919666e+227
180   9.46130997547365e+228
181   -1.79764889533999e+230
182   3.41553290114599e+231
183   -6.48951251217738e+232
184   1.23300737731370e+234
185   -2.34271401689603e+235
186   4.45115663210247e+236
187   -8.45719760099469e+237
188   1.60686754418899e+239
189   -3.05304833395908e+240
190   5.80079183452226e+241
191   -1.10215044855923e+243
192   2.09408585226254e+244
193   -3.97876311929882e+245
194   7.55964992666776e+246
195   -1.43633348606687e+248
196   2.72903362352706e+249
197   -5.18516388470141e+250
198   9.85181138093269e+251
199   -1.87184416237721e+253
200   3.55650390851670e+254

Metodo de Euler Inverso
y(0.0) = 0.0
h = 0.1
0   0.0
1   23.9934624101142
2   8685.63992950708
3   3308772.81315308
4   1260641985.81132
5   480304596138.115
6   182996051128166.
7   6.97214954798307e+16
8   2.65638897778155e+19
9   1.01208420053477e+22
10   3.85604080403747e+24
11   1.46915154633828e+27
12   5.59746739154884e+29
13   2.13263507618011e+32
14   8.12533964024621e+34
15   3.09575440293381e+37
16   1.17948242751778e+40
17   4.49382804884275e+42
18   1.71214848660909e+45
19   6.52328573398062e+47
20   2.48537186464662e+50
21   9.46926680430361e+52
22   3.60779065243968e+55
23   1.37456823857952e+58
24   5.23710498898796e+60
25   1.99533700080441e+63
26   7.60223397306481e+65
27   2.89645114373769e+68
28   1.10354788576406e+71
29   4.20451744476108e+73
30   1.60192114645397e+76
31   6.10331956798963e+78
32   2.32536475540405e+81
33   8.85963971808942e+83
34   3.37552273259207e+86
35   1.28607416111758e+89
36   4.89994255385798e+91
37   1.86687811301989e+94
38   7.11280561060578e+96
39   2.70997893764080e+99
40   1.03250197524115e+102
41   3.93383252566877e+104
42   1.49879019227980e+107
43   5.71039063258604e+109
44   2.17565883101528e+112
45   8.28926014616822e+114
46   3.15820811569009e+117
47   1.20327729207793e+120
48   4.58448648281690e+122
49   1.74668934995324e+125
50   6.65488642332184e+127
51   2.53551172728562e+130
52   9.66029968095822e+132
53   3.68057417844508e+135
54   1.40229876198758e+138
55   5.34275828317267e+140
56   2.03559090588879e+143
57   7.75560135143627e+145
58   2.95488411489722e+148
59   1.12581084777584e+151
60   4.28933933002596e+153
61   1.63423828473989e+156
62   6.22644786485898e+158
63   2.37227663651127e+161
64   9.03837398510795e+163
65   3.44362048832613e+166
66   1.31201940605226e+169
67   4.99879393705909e+171
68   1.90454049001951e+174
69   7.25629926697435e+176
70   2.76465002071723e+179
71   1.05333165789326e+182
72   4.01319361657334e+184
73   1.52902676791444e+187
74   5.82559198575402e+189
75   2.21955054657228e+192
76   8.45648758244040e+194
77   3.22192176890979e+197
78   1.22755219395463e+200
79   4.67697385896714e+202
80   1.78192704026648e+205
81   6.78914202341530e+207
82   2.58666311092123e+210
83   9.85518645260988e+212
84   3.75482603844436e+215
85   1.43058872064730e+218
86   5.45054302566622e+220
87   2.07665689277883e+223
88   7.91206276148735e+225
89   3.01449591212668e+228
90   1.14852294252027e+231
91   4.37587241100221e+233
92   1.66720738859184e+236
93   6.35206015053492e+238
94   2.42013491735381e+241
95   9.22071403511800e+243
96   3.51309204737996e+246
97   1.33848807005176e+249
98   5.09963954689722e+251
99   1.94296266736784e+254
100   7.40268776267148e+256
101   2.82042403757783e+259
102   1.07458155831715e+262
103   4.09415573718836e+264
104   1.55987333586877e+267
105   5.94311740966000e+269
106   2.26432773308046e+272
107   8.62708866303655e+274
108   3.28692078061693e+277
109   1.25231681741505e+280
110   4.77132707435134e+282
111   1.81787561532786e+285
112   6.92610609439915e+287
113   2.63884642196608e+290
114   1.00540048676908e+293
115   3.83057585459018e+295
116   1.45944940059886e+298
117   5.56050221628165e+300
118   2.11855134440331e+303
119   8.07168062217660e+305
120   3.07531031704929e+308
121   inf
122   nan
123   nan
124   nan
125   nan
126   nan
127   nan
128   nan
129   nan
130   nan
131   nan
132   nan
133   nan
134   nan
135   nan
136   nan
137   nan
138   nan
139   nan
140   nan
141   nan
142   nan
143   nan
144   nan
145   nan
146   nan
147   nan
148   nan
149   nan
150   nan
151   nan
152   nan
153   nan
154   nan
155   nan
156   nan
157   nan
158   nan
159   nan
160   nan
161   nan
162   nan
163   nan
164   nan
165   nan
166   nan
167   nan
168   nan
169   nan
170   nan
171   nan
172   nan
173   nan
174   nan
175   nan
176   nan
177   nan
178   nan
179   nan
180   nan
181   nan
182   nan
183   nan
184   nan
185   nan
186   nan
187   nan
188   nan
189   nan
190   nan
191   nan
192   nan
193   nan
194   nan
195   nan
196   nan
197   nan
198   nan
199   nan
200   nan

Metodo de Euler Aprimorado
y(0.0) = 0.0
h = 0.1
0   0.0
1   11.996731205057102
2   1955.4704549471785
3   353724.15235060867
4   64023855.57546018
5   11588317643.158293
6   2097485493195.6516
7   379644874268197.0
8   6.871572224254344e+16
9   1.2437545725900366e+19
10   2.251195776387966e+21
11   4.074664355262219e+23
12   7.3751424830246185e+25
13   1.334900789427456e+28
14   2.416170428863695e+30
15   4.373268476243289e+32
16   7.915615942000352e+34
17   1.432726485502064e+37
18   2.593234938758736e+39
19   4.693755239153312e+41
20   8.495696982867496e+43
21   1.5377211538990168e+46
22   2.7832752885572206e+48
23   5.03772827228857e+50
24   9.118288172842311e+52
25   1.6504101592844585e+55
26   2.9872423883048693e+57
27   5.406908722831815e+59
28   9.786504788325584e+61
29   1.7713573666869307e+64
30   3.2061568337033447e+66
31   5.803143869003054e+68
32   1.0503690402895528e+71
33   1.9011679629240905e+73
34   3.4411140128926046e+75
35   6.228416363335615e+77
36   1.1273433617637466e+80
37   2.040491484792382e+82
38   3.6932895874742117e+84
39   6.684854153328325e+86
40   1.2099586017524267e+89
41   2.1900250691718925e+91
42   3.963945375201126e+93
43   7.17474112911404e+95
44   1.2986281443696413e+98
45   2.350516941309051e+100
46   4.2544356637693823e+102
47   7.700528551422584e+104
48   1.393795667807488e+107
49   2.5227701587315534e+109
50   4.566213987304112e+111
51   8.264847317020442e+113
52   1.4959373643807004e+116
53   2.707646629529068e+118
54   4.9008403994476134e+120
55   8.870521123000182e+122
56   1.6055643232630333e+125
57   2.9060714251060907e+127
58   5.2599892794420257e+129
59   9.520580595790068e+131
60   1.7232250878380029e+134
61   3.1190374089867855e+136
62   5.645457710266083e+138
63   1.0218278455581612e+141
64   1.849508400460272e+143
65   3.3476102048330924e+145
66   6.059174470747897e+147
67   1.0967105792053696e+150
68   1.985046148361719e+152
69   3.592933528534712e+154
70   6.50320968664783e+156
71   1.1770809532832573e+159
72   2.130516525442696e+161
73   3.85623491105128e+163
74   6.979785189002819e+165
75   1.2633411192095103e+168
76   2.2866474257692135e+170
77   4.138831840642277e+172
78   7.49128563156252e+174
79   1.355922699312816e+177
80   2.454220085756197e+179
81   4.442138355218718e+181
82   8.040270422945878e+183
83   1.4552889465532043e+186
84   2.6340729932613005e+188
85   4.767672117802955e+190
86   8.629486533223349e+192
87   1.5619370625134265e+195
88   2.827106083149302e+197
89   5.117062010500238e+199
90   9.261882239005432e+201
91   1.676400685259983e+204
92   3.034285240320569e+206
93   5.492056284980231e+208
94   9.940621875814217e+210
95   1.7992525595223738e+213
96   3.2566471327354966e+215
97   5.894531310251249e+217
98   1.0669101671554763e+220
99   1.9311074025514126e+222
100   3.4953043986180572e+224
101   6.326500961498683e+226
102   1.1450966740312619e+229
103   2.0726249799965842e+231
104   3.751451213793818e+233
105   6.790126696966813e+235
106   1.229012932150993e+238
107   2.2245134071932984e+240
108   4.0263692670198703e+242
109   7.287728373305965e+244
110   1.3190788355683801e+247
111   2.387532692378768e+249
112   4.321434173205571e+251
113   7.821795853502084e+253
114   1.4157450494838774e+256
115   2.5624985395658186e+258
116   4.638122356614133e+260
117   8.395001465471582e+262
118   1.5194952652503564e+265
119   2.7502864301031453e+267
120   4.9780184384866925e+269
121   9.010213373660915e+271
122   1.6308486206326254e+274
123   2.9518360033450523e+276
124   5.342823166054546e+278
125   9.670509930558729e+280
126   1.7503622974311304e+283
127   3.168155758350347e+285
128   5.734361922614129e+287
129   1.0379195079931576e+290
130   1.8786343094676152e+292
131   3.400328100136384e+294
132   6.1545938612468556e+296
133   1.113981488885681e+299
134   2.0163064948830826e+301
135   3.6495147557383794e+303
136   6.605621707886467e+305
137   1.1956175291274503e+308
138   inf
139   nan
140   nan
141   nan
142   nan
143   nan
144   nan
145   nan
146   nan
147   nan
148   nan
149   nan
150   nan
151   nan
152   nan
153   nan
154   nan
155   nan
156   nan
157   nan
158   nan
159   nan
160   nan
161   nan
162   nan
163   nan
164   nan
165   nan
166   nan
167   nan
168   nan
169   nan
170   nan
171   nan
172   nan
173   nan
174   nan
175   nan
176   nan
177   nan
178   nan
179   nan
180   nan
181   nan
182   nan
183   nan
184   nan
185   nan
186   nan
187   nan
188   nan
189   nan
190   nan
191   nan
192   nan
193   nan
194   nan
195   nan
196   nan
197   nan
198   nan
199   nan
200   nan

Metodo de Runge-Kutta
y(0.0) = 0.0
h = 0.1
0   0.0
1   644.5285840917857
2   3547531.4358170023
3   19562264231.573723
4   107872845721025.39
5   5.948468289209681e+17
6   3.2801836969465254e+21
7   1.8088026299528789e+25
8   9.97434063577016e+28
9   5.500183904584858e+32
10   3.0329847444515785e+36
11   1.6724888875820827e+40
12   9.222661222423466e+43
13   5.085682820085049e+47
14   2.804415029755566e+51
15   1.5464479279082115e+55
16   8.527629357128518e+58
17   4.702419081832568e+62
18   2.593070629025208e+66
19   1.4299055805321343e+70
20   7.884976006247702e+73
21   4.3480386023785257e+77
22   2.397653419971599e+81
23   1.3221460175530056e+85
24   7.290753856126457e+88
25   4.020364701396666e+92
26   2.216963108506835e+96
27   1.2225073568009528e+100
28   6.741313067852722e+103
29   3.717384736049588e+107
30   2.0498898562822784e+111
31   1.1303775964159247e+115
32   6.233278859169549e+118
33   3.437237738908062e+122
34   1.8954074638252025e+126
35   1.0451908558020111e+130
36   5.763530775844225e+133
37   3.1782029874930347e+137
38   1.752567067403243e+141
39   9.664238998683949e+144
40   5.329183525174285e+148
41   2.93868943523194e+152
42   1.6204913109013996e+156
43   8.93592925208062e+159
44   4.927569253905658e+163
45   2.717225938912044e+167
46   1.4983689569140649e+171
47   8.262505884743127e+174
48   4.556221161710187e+178
49   2.5124522226057215e+182
50   1.3854499039522154e+186
51   7.639832587027167e+189
52   4.212858349573015e+193
53   2.3231105225662136e+197
54   1.281040579160429e+201
55   7.064084767016991e+204
56   3.8953718100254043e+208
57   2.148037861775009e+212
58   1.1844996782447994e+216
59   6.531726059067908e+219
60   3.601811473172016e+223
61   1.986158906689489e+227
62   1.095234226445474e+231
63   6.039486602695827e+234
64   3.3303742289465695e+238
65   1.8364793623154368e+242
66   1.0126959363594757e+246
67   5.58434295839827e+249
68   3.079392852026088e+253
69   1.6980798650355856e+257
70   9.363778402427898e+260
71   5.16349953704549e+264
72   2.8473257613781186e+268
73   1.5701103356826072e+272
74   8.658111761065792e+275
75   4.774371428777047e+279
76   2.632747551541957e+283
77   1.4517847581719532e+287
78   8.005625084812874e+290
79   4.414568525935313e+294
80   2.4343402374849297e+298
81   1.3423763516237734e+302
82   7.402310661637364e+305
83   inf
84   nan
85   nan
86   nan
87   nan
88   nan
89   nan
90   nan
91   nan
92   nan
93   nan
94   nan
95   nan
96   nan
97   nan
98   nan
99   nan
100   nan
101   nan
102   nan
103   nan
104   nan
105   nan
106   nan
107   nan
108   nan
109   nan
110   nan
111   nan
112   nan
113   nan
114   nan
115   nan
116   nan
117   nan
118   nan
119   nan
120   nan
121   nan
122   nan
123   nan
124   nan
125   nan
126   nan
127   nan
128   nan
129   nan
130   nan
131   nan
132   nan
133   nan
134   nan
135   nan
136   nan
137   nan
138   nan
139   nan
140   nan
141   nan
142   nan
143   nan
144   nan
145   nan
146   nan
147   nan
148   nan
149   nan
150   nan
151   nan
152   nan
153   nan
154   nan
155   nan
156   nan
157   nan
158   nan
159   nan
160   nan
161   nan
162   nan
163   nan
164   nan
165   nan
166   nan
167   nan
168   nan
169   nan
170   nan
171   nan
172   nan
173   nan
174   nan
175   nan
176   nan
177   nan
178   nan
179   nan
180   nan
181   nan
182   nan
183   nan
184   nan
185   nan
186   nan
187   nan
188   nan
189   nan
190   nan
191   nan
192   nan
193   nan
194   nan
195   nan
196   nan
197   nan
198   nan
199   nan
200   nan

Metodo de Adam-Bashforth
y(0.0) = 0.0
h = 0.1
0   0.0
1   0
2   23.9934624101142
3   -431.875786336315
4   8229.63994038994
5   -156339.158867409
6   2970468.01848077
7   -56438868.3511346
8   1072338522.67156
9   -20374431906.7596
10   387114206252.432
11   -7355169918772.21
12   139748228456696.
13   -2.65521634067720e+15
14   5.04491104728669e+16
15   -9.58533098984471e+17
16   1.82121288807049e+19
17   -3.46030448733394e+20
18   6.57457852593449e+21
19   -1.24916991992755e+23
20   2.37342284786235e+24
21   -4.50950341093847e+25
22   8.56805648078308e+26
23   -1.62793073134879e+28
24   3.09306838956269e+29
25   -5.87682994016912e+30
26   1.11659768863213e+32
27   -2.12153560840105e+33
28   4.03091765596200e+34
29   -7.65874354632780e+35
30   1.45516127380228e+37
31   -2.76480642022434e+38
32   5.25313219842624e+39
33   -9.98095117700985e+40
34   1.89638072363187e+42
35   -3.60312337490056e+43
36   6.84593441231106e+44
37   -1.30072753833910e+46
38   2.47138232284429e+47
39   -4.69562641340416e+48
40   8.92169018546790e+49
41   -1.69512113523890e+51
42   3.22073015695391e+52
43   -6.11938729821243e+53
44   1.16268358666036e+55
45   -2.20909881465469e+56
46   4.19728774784391e+57
47   -7.97484672090342e+58
48   1.51522087697165e+60
49   -2.87891966624614e+61
50   5.46994736586766e+62
51   -1.03928999951486e+64
52   1.97465099907822e+65
53   -3.75183689824863e+66
54   7.12849010667239e+67
55   -1.35441312026775e+69
56   2.57338492850873e+70
57   -4.88943136416659e+71
58   9.28991959191653e+72
59   -1.76508472246414e+74
60   3.35366097268187e+75
61   -6.37195584809555e+76
62   1.21067161113815e+78
63   -2.30027606116249e+79
64   4.37052451620874e+80
65   -8.30399658079660e+81
66   1.57775935035135e+83
67   -2.99774276566757e+84
68   5.69571125476839e+85
69   -1.08218513840599e+87
70   2.05615176297139e+88
71   -3.90668834964564e+89
72   7.42270786432671e+90
73   -1.41031449422208e+92
74   2.67959753902194e+93
75   -5.09123532414169e+94
76   9.67334711586922e+95
77   -1.83793595201515e+97
78   3.49207830882879e+98
79   -6.63494878677470e+99
80   1.26064026948719e+101
81   -2.39521651202567e+102
82   4.55091137284877e+103
83   -8.64673160841266e+104
84   1.64287900559840e+106
85   -3.12147011063697e+107
86   5.93079321021024e+108
87   -1.12685070993995e+110
88   2.14101634888590e+111
89   -4.06793106288321e+112
90   7.72906901947809e+113
91   -1.46852311370084e+115
92   2.79019391603159e+116
93   -5.30136844046002e+117
94   1.00726000368740e+119
95   -1.91379400700607e+120
96   3.63620861331153e+121
97   -6.90879636529191e+122
98   1.31267130940546e+124
99   -2.49407548787038e+125
100   4.73874342695372e+126
101   -9.00361251121208e+127
102   1.71068637713029e+129
103   -3.25030411654756e+130
104   6.17557782144036e+131
105   -1.17335978607367e+133
106   2.22938359353997e+134
107   -4.23582882772595e+135
108   8.04807477267930e+136
109   -1.52913420680907e+138
110   2.90535499293723e+139
111   -5.52017448658073e+140
112   1.04883315245034e+142
113   -1.99278298965564e+143
114   3.78628768034572e+144
115   -7.19394659265687e+145
116   1.36684985260481e+147
117   -2.59701471994913e+148
118   4.93432796790335e+149
119   -9.37522313901637e+150
120   1.78129239641311e+152
121   -3.38445555318491e+153
122   6.43046555105133e+154
123   -1.22178845469975e+156
124   2.32139806392953e+157
125   -4.41065632146611e+158
126   8.38024701078560e+159
127   -1.59224693204926e+161
128   3.02526917089360e+162
129   -5.74801142469785e+163
130   1.09212217069259e+165
131   -2.07503212431592e+166
132   3.94256103620025e+167
133   -7.49086596878048e+168
134   1.42326453406829e+170
135   -2.70420261472975e+171
136   5.13798496798653e+172
137   -9.76217143917442e+173
138   1.85481257344314e+175
139   -3.52414388954196e+176
140   6.69587339012973e+177
141   -1.27221594412465e+179
142   2.41721029383683e+180
143   -4.59269955828998e+181
144   8.72612916075097e+182
145   -1.65796454054268e+184
146   3.15013262703110e+185
147   -5.98525199135909e+186
148   1.13719787835823e+188
149   -2.16067596888063e+189
150   4.10528434087320e+190
151   -7.80004024765909e+191
152   1.48200764705523e+193
153   -2.81581452940493e+194
154   5.35004760586937e+195
155   -1.01650904511518e+197
156   1.93136718571884e+198
157   -3.66959765286580e+199
158   6.97223554044502e+200
159   -1.32472475268455e+202
160   2.51697703010065e+203
161   -4.78225635719124e+204
162   9.08628707866336e+205
163   -1.72639454494604e+207
164   3.28014963539747e+208
165   -6.23228430725520e+209
166   1.18413401837849e+211
167   -2.24985463491913e+212
168   4.27472380634634e+213
169   -8.12197523205805e+214
170   1.54317529409103e+216
171   -2.93203305877296e+217
172   5.57086281166862e+218
173   -1.05846393421704e+220
174   2.01108147501237e+221
175   -3.82105480252351e+222
176   7.26000412479466e+223
177   -1.37940078371099e+225
178   2.62086148905087e+226
179   -4.97963682919666e+227
180   9.46130997547365e+228
181   -1.79764889533999e+230
182   3.41553290114599e+231
183   -6.48951251217738e+232
184   1.23300737731370e+234
185   -2.34271401689603e+235
186   4.45115663210247e+236
187   -8.45719760099469e+237
188   1.60686754418899e+239
189   -3.05304833395908e+240
190   5.80079183452226e+241
191   -1.10215044855923e+243
192   2.09408585226254e+244
193   -3.97876311929882e+245
194   7.55964992666776e+246
195   -1.43633348606687e+248
196   2.72903362352706e+249
197   -5.18516388470141e+250
198   9.85181138093269e+251
199   -1.87184416237721e+253
200   3.55650390851670e+254

Metodo de Adam-Moulton
y(0.0) = 0.0
h = 0.1
[0.0]
0   0.0
1   23.9934624101142
2   8685.63992950708
3   3308772.81315308
4   1260641985.81132
5   480304596138.115
6   182996051128166.
7   6.97214954798307e+16
8   2.65638897778155e+19
9   1.01208420053477e+22
10   3.85604080403747e+24
11   1.46915154633828e+27
12   5.59746739154884e+29
13   2.13263507618011e+32
14   8.12533964024621e+34
15   3.09575440293381e+37
16   1.17948242751778e+40
17   4.49382804884275e+42
18   1.71214848660909e+45
19   6.52328573398062e+47
20   2.48537186464662e+50
21   9.46926680430361e+52
22   3.60779065243968e+55
23   1.37456823857952e+58
24   5.23710498898796e+60
25   1.99533700080441e+63
26   7.60223397306481e+65
27   2.89645114373769e+68
28   1.10354788576406e+71
29   4.20451744476108e+73
30   1.60192114645397e+76
31   6.10331956798963e+78
32   2.32536475540405e+81
33   8.85963971808942e+83
34   3.37552273259207e+86
35   1.28607416111758e+89
36   4.89994255385798e+91
37   1.86687811301989e+94
38   7.11280561060578e+96
39   2.70997893764080e+99
40   1.03250197524115e+102
41   3.93383252566877e+104
42   1.49879019227980e+107
43   5.71039063258604e+109
44   2.17565883101528e+112
45   8.28926014616822e+114
46   3.15820811569009e+117
47   1.20327729207793e+120
48   4.58448648281690e+122
49   1.74668934995324e+125
50   6.65488642332184e+127
51   2.53551172728562e+130
52   9.66029968095822e+132
53   3.68057417844508e+135
54   1.40229876198758e+138
55   5.34275828317267e+140
56   2.03559090588879e+143
57   7.75560135143627e+145
58   2.95488411489722e+148
59   1.12581084777584e+151
60   4.28933933002596e+153
61   1.63423828473989e+156
62   6.22644786485898e+158
63   2.37227663651127e+161
64   9.03837398510795e+163
65   3.44362048832613e+166
66   1.31201940605226e+169
67   4.99879393705909e+171
68   1.90454049001951e+174
69   7.25629926697435e+176
70   2.76465002071723e+179
71   1.05333165789326e+182
72   4.01319361657334e+184
73   1.52902676791444e+187
74   5.82559198575402e+189
75   2.21955054657228e+192
76   8.45648758244040e+194
77   3.22192176890979e+197
78   1.22755219395463e+200
79   4.67697385896714e+202
80   1.78192704026648e+205
81   6.78914202341530e+207
82   2.58666311092123e+210
83   9.85518645260988e+212
84   3.75482603844436e+215
85   1.43058872064730e+218
86   5.45054302566622e+220
87   2.07665689277883e+223
88   7.91206276148735e+225
89   3.01449591212668e+228
90   1.14852294252027e+231
91   4.37587241100221e+233
92   1.66720738859184e+236
93   6.35206015053492e+238
94   2.42013491735381e+241
95   9.22071403511800e+243
96   3.51309204737996e+246
97   1.33848807005176e+249
98   5.09963954689722e+251
99   1.94296266736784e+254
100   7.40268776267148e+256
101   2.82042403757783e+259
102   1.07458155831715e+262
103   4.09415573718836e+264
104   1.55987333586877e+267
105   5.94311740966000e+269
106   2.26432773308046e+272
107   8.62708866303655e+274
108   3.28692078061693e+277
109   1.25231681741505e+280
110   4.77132707435134e+282
111   1.81787561532786e+285
112   6.92610609439915e+287
113   2.63884642196608e+290
114   1.00540048676908e+293
115   3.83057585459018e+295
116   1.45944940059886e+298
117   5.56050221628165e+300
118   2.11855134440331e+303
119   8.07168062217660e+305
120   3.07531031704929e+308
121   inf
122   nan
123   nan
124   nan
125   nan
126   nan
127   nan
128   nan
129   nan
130   nan
131   nan
132   nan
133   nan
134   nan
135   nan
136   nan
137   nan
138   nan
139   nan
140   nan
141   nan
142   nan
143   nan
144   nan
145   nan
146   nan
147   nan
148   nan
149   nan
150   nan
151   nan
152   nan
153   nan
154   nan
155   nan
156   nan
157   nan
158   nan
159   nan
160   nan
161   nan
162   nan
163   nan
164   nan
165   nan
166   nan
167   nan
168   nan
169   nan
170   nan
171   nan
172   nan
173   nan
174   nan
175   nan
176   nan
177   nan
178   nan
179   nan
180   nan
181   nan
182   nan
183   nan
184   nan
185   nan
186   nan
187   nan
188   nan
189   nan
190   nan
191   nan
192   nan
193   nan
194   nan
195   nan
196   nan
197   nan
198   nan
199   nan
200   nan

Metodo de Formula Inversa
y(0.0) = 0.0
h = 0.1
0   0.0
1   23.9934624101142
2   8685.63992950708
3   3308772.81315308
4   1260641985.81132
5   480304596138.115
6   182996051128166.
7   6.97214954798307e+16
8   2.65638897778155e+19
9   1.01208420053477e+22
10   3.85604080403747e+24
11   1.46915154633828e+27
12   5.59746739154884e+29
13   2.13263507618011e+32
14   8.12533964024621e+34
15   3.09575440293381e+37
16   1.17948242751778e+40
17   4.49382804884275e+42
18   1.71214848660909e+45
19   6.52328573398062e+47
20   2.48537186464662e+50
21   9.46926680430361e+52
22   3.60779065243968e+55
23   1.37456823857952e+58
24   5.23710498898796e+60
25   1.99533700080441e+63
26   7.60223397306481e+65
27   2.89645114373769e+68
28   1.10354788576406e+71
29   4.20451744476108e+73
30   1.60192114645397e+76
31   6.10331956798963e+78
32   2.32536475540405e+81
33   8.85963971808942e+83
34   3.37552273259207e+86
35   1.28607416111758e+89
36   4.89994255385798e+91
37   1.86687811301989e+94
38   7.11280561060578e+96
39   2.70997893764080e+99
40   1.03250197524115e+102
41   3.93383252566877e+104
42   1.49879019227980e+107
43   5.71039063258604e+109
44   2.17565883101528e+112
45   8.28926014616822e+114
46   3.15820811569009e+117
47   1.20327729207793e+120
48   4.58448648281690e+122
49   1.74668934995324e+125
50   6.65488642332184e+127
51   2.53551172728562e+130
52   9.66029968095822e+132
53   3.68057417844508e+135
54   1.40229876198758e+138
55   5.34275828317267e+140
56   2.03559090588879e+143
57   7.75560135143627e+145
58   2.95488411489722e+148
59   1.12581084777584e+151
60   4.28933933002596e+153
61   1.63423828473989e+156
62   6.22644786485898e+158
63   2.37227663651127e+161
64   9.03837398510795e+163
65   3.44362048832613e+166
66   1.31201940605226e+169
67   4.99879393705909e+171
68   1.90454049001951e+174
69   7.25629926697435e+176
70   2.76465002071723e+179
71   1.05333165789326e+182
72   4.01319361657334e+184
73   1.52902676791444e+187
74   5.82559198575402e+189
75   2.21955054657228e+192
76   8.45648758244040e+194
77   3.22192176890979e+197
78   1.22755219395463e+200
79   4.67697385896714e+202
80   1.78192704026648e+205
81   6.78914202341530e+207
82   2.58666311092123e+210
83   9.85518645260988e+212
84   3.75482603844436e+215
85   1.43058872064730e+218
86   5.45054302566622e+220
87   2.07665689277883e+223
88   7.91206276148735e+225
89   3.01449591212668e+228
90   1.14852294252027e+231
91   4.37587241100221e+233
92   1.66720738859184e+236
93   6.35206015053492e+238
94   2.42013491735381e+241
95   9.22071403511800e+243
96   3.51309204737996e+246
97   1.33848807005176e+249
98   5.09963954689722e+251
99   1.94296266736784e+254
100   7.40268776267148e+256
101   2.82042403757783e+259
102   1.07458155831715e+262
103   4.09415573718836e+264
104   1.55987333586877e+267
105   5.94311740966000e+269
106   2.26432773308046e+272
107   8.62708866303655e+274
108   3.28692078061693e+277
109   1.25231681741505e+280
110   4.77132707435134e+282
111   1.81787561532786e+285
112   6.92610609439915e+287
113   2.63884642196608e+290
114   1.00540048676908e+293
115   3.83057585459018e+295
116   1.45944940059886e+298
117   5.56050221628165e+300
118   2.11855134440331e+303
119   8.07168062217660e+305
120   3.07531031704929e+308
121   inf
122   nan
123   nan
124   nan
125   nan
126   nan
127   nan
128   nan
129   nan
130   nan
131   nan
132   nan
133   nan
134   nan
135   nan
136   nan
137   nan
138   nan
139   nan
140   nan
141   nan
142   nan
143   nan
144   nan
145   nan
146   nan
147   nan
148   nan
149   nan
150   nan
151   nan
152   nan
153   nan
154   nan
155   nan
156   nan
157   nan
158   nan
159   nan
160   nan
161   nan
162   nan
163   nan
164   nan
165   nan
166   nan
167   nan
168   nan
169   nan
170   nan
171   nan
172   nan
173   nan
174   nan
175   nan
176   nan
177   nan
178   nan
179   nan
180   nan
181   nan
182   nan
183   nan
184   nan
185   nan
186   nan
187   nan
188   nan
189   nan
190   nan
191   nan
192   nan
193   nan
194   nan
195   nan
196   nan
197   nan
198   nan
199   nan
200   nan

